# Connections between atoms
0 1
0 2
0 3
0 4
0 6
0 7
0 8
0 9
0 10
1 5
1 6
1 7
1 11
2 6
2 8
3 6
3 9
4 6
4 10
5 7
5 11
6 7
6 8
6 9
6 10
7 11
12 13
12 14
12 15
12 16
12 18
12 19
12 20
12 21
12 22
13 17
13 18
13 19
13 23
14 18
14 20
15 18
15 21
16 18
16 22
17 19
17 23
18 19
18 20
18 21
18 22
19 23
24 25
24 26
24 27
24 28
24 30
24 31
24 32
24 33
24 34
25 29
25 30
25 31
25 35
26 30
26 32
27 30
27 33
28 30
28 34
29 31
29 35
30 31
30 32
30 33
30 34
31 35
36 37
36 38
36 39
36 40
36 42
36 43
36 44
36 45
36 46
37 41
37 42
37 43
37 47
38 42
38 44
39 42
39 45
40 42
40 46
41 43
41 47
41 3608
41 3611
42 43
42 44
42 45
42 46
43 47
47 3608
47 3611
48 49
48 50
48 51
48 52
48 54
48 55
48 56
48 57
48 58
49 53
49 54
49 55
49 59
50 54
50 56
51 54
51 57
52 54
52 58
53 55
53 59
54 55
54 56
54 57
54 58
55 59
60 61
60 62
60 63
60 64
60 66
60 67
60 68
60 69
60 70
61 65
61 66
61 67
61 71
62 66
62 68
63 66
63 69
64 66
64 70
65 67
65 71
66 67
66 68
66 69
66 70
67 71
72 73
72 74
72 75
72 76
72 78
72 79
72 80
72 81
72 82
73 77
73 78
73 79
73 83
74 78
74 80
75 78
75 81
76 78
76 82
77 79
77 83
78 79
78 80
78 81
78 82
79 83
84 85
84 86
84 87
84 88
84 90
84 91
84 92
84 93
84 94
85 89
85 90
85 91
85 95
86 90
86 92
87 90
87 93
88 90
88 94
89 91
89 95
90 91
90 92
90 93
90 94
91 95
96 97
96 98
96 99
96 100
96 102
96 103
96 104
96 105
96 106
97 101
97 102
97 103
97 107
98 102
98 104
99 102
99 105
100 102
100 106
101 103
101 107
102 103
102 104
102 105
102 106
103 107
108 109
108 110
108 111
108 112
108 114
108 115
108 116
108 117
108 118
109 113
109 114
109 115
109 119
110 114
110 116
111 114
111 117
112 114
112 118
113 115
113 119
113 3764
113 3767
114 115
114 116
114 117
114 118
115 119
119 3764
119 3767
120 121
120 122
120 123
120 124
120 126
120 127
120 128
120 129
120 130
121 125
121 126
121 127
121 131
122 126
122 128
123 126
123 129
124 126
124 130
125 127
125 131
125 3709
125 3712
126 127
126 128
126 129
126 130
127 131
131 3709
131 3712
132 133
132 134
132 135
132 136
132 138
132 139
132 140
132 141
132 142
133 137
133 138
133 139
133 143
134 138
134 140
135 138
135 141
136 138
136 142
137 139
137 143
138 139
138 140
138 141
138 142
139 143
144 145
144 146
144 147
144 148
144 150
144 151
144 152
144 153
144 154
145 149
145 150
145 151
145 155
146 150
146 152
147 150
147 153
148 150
148 154
149 151
149 155
150 151
150 152
150 153
150 154
151 155
156 157
156 158
156 159
156 160
156 162
156 163
156 164
156 165
156 166
157 161
157 162
157 163
157 167
158 162
158 164
159 162
159 165
160 162
160 166
161 163
161 167
161 3770
161 3773
162 163
162 164
162 165
162 166
163 167
167 3770
167 3773
168 169
168 170
168 171
168 172
168 174
168 175
168 176
168 177
168 178
169 173
169 174
169 175
169 179
170 174
170 176
171 174
171 177
172 174
172 178
173 175
173 179
174 175
174 176
174 177
174 178
175 179
180 181
180 182
180 183
180 184
180 186
180 187
180 188
180 189
180 190
181 185
181 186
181 187
181 191
182 186
182 188
183 186
183 189
184 186
184 190
185 187
185 191
185 4613
186 187
186 188
186 189
186 190
187 191
191 4613
192 193
192 194
192 195
192 196
192 198
192 199
192 200
192 201
192 202
193 197
193 198
193 199
193 203
194 198
194 200
195 198
195 201
196 198
196 202
197 199
197 203
198 199
198 200
198 201
198 202
199 203
204 205
204 206
204 207
204 208
204 210
204 211
204 212
204 213
204 214
205 209
205 210
205 211
205 215
206 210
206 212
207 210
207 213
208 210
208 214
209 211
209 215
209 3134
209 3137
210 211
210 212
210 213
210 214
211 215
215 3134
215 3137
216 217
216 218
216 219
216 220
216 222
216 223
216 224
216 225
216 226
217 221
217 222
217 223
217 227
218 222
218 224
219 222
219 225
220 222
220 226
221 223
221 227
222 223
222 224
222 225
222 226
223 227
228 229
228 230
228 231
228 232
228 234
228 235
228 236
228 237
228 238
229 233
229 234
229 235
229 239
230 234
230 236
231 234
231 237
232 234
232 238
233 235
233 239
234 235
234 236
234 237
234 238
235 239
240 241
240 242
240 243
240 244
240 246
240 247
240 248
240 249
240 250
241 245
241 246
241 247
241 251
242 246
242 248
243 246
243 249
244 246
244 250
245 247
245 251
246 247
246 248
246 249
246 250
247 251
252 253
252 254
252 255
252 256
252 258
252 259
252 260
252 261
252 262
253 257
253 258
253 259
253 263
254 258
254 260
255 258
255 261
256 258
256 262
257 259
257 263
257 3919
257 3922
258 259
258 260
258 261
258 262
259 263
263 3919
263 3922
264 265
264 266
264 267
264 268
264 270
264 271
264 272
264 273
264 274
265 269
265 270
265 271
265 275
266 270
266 272
267 270
267 273
268 270
268 274
269 271
269 275
269 3883
269 3886
270 271
270 272
270 273
270 274
271 275
275 3883
275 3886
276 277
276 278
276 279
276 280
276 282
276 283
276 284
276 285
276 286
277 281
277 282
277 283
277 287
278 282
278 284
279 282
279 285
280 282
280 286
281 283
281 287
282 283
282 284
282 285
282 286
283 287
288 289
288 290
288 291
288 292
288 294
288 295
288 296
288 297
288 298
289 293
289 294
289 295
289 299
290 294
290 296
291 294
291 297
292 294
292 298
293 295
293 299
294 295
294 296
294 297
294 298
295 299
300 301
300 302
300 303
300 304
300 306
300 307
300 308
300 309
300 310
301 305
301 306
301 307
301 311
302 306
302 308
303 306
303 309
304 306
304 310
305 307
305 311
305 4016
305 4019
306 307
306 308
306 309
306 310
307 311
311 4016
311 4019
312 313
312 314
312 315
312 316
312 318
312 319
312 320
312 321
312 322
313 317
313 318
313 319
313 323
314 318
314 320
315 318
315 321
316 318
316 322
317 319
317 323
318 319
318 320
318 321
318 322
319 323
324 325
324 326
324 327
324 328
324 330
324 331
324 332
324 333
324 334
325 329
325 330
325 331
325 335
326 330
326 332
327 330
327 333
328 330
328 334
329 331
329 335
330 331
330 332
330 333
330 334
331 335
336 337
336 338
336 339
336 340
336 342
336 343
336 344
336 345
336 346
337 341
337 342
337 343
337 347
338 342
338 344
339 342
339 345
340 342
340 346
341 343
341 347
342 343
342 344
342 345
342 346
343 347
348 349
348 350
348 351
348 352
348 354
348 355
348 356
348 357
348 358
349 353
349 354
349 355
349 359
350 354
350 356
351 354
351 357
352 354
352 358
353 355
353 359
354 355
354 356
354 357
354 358
355 359
360 361
360 362
360 363
360 364
360 366
360 367
360 368
360 369
360 370
361 365
361 366
361 367
361 371
362 366
362 368
363 366
363 369
364 366
364 370
365 367
365 371
366 367
366 368
366 369
366 370
367 371
372 373
372 374
372 375
372 376
372 378
372 379
372 380
372 381
372 382
373 377
373 378
373 379
373 383
374 378
374 380
375 378
375 381
376 378
376 382
377 379
377 383
378 379
378 380
378 381
378 382
379 383
384 385
384 386
384 387
384 388
384 390
384 391
384 392
384 393
384 394
385 389
385 390
385 391
385 395
386 390
386 392
387 390
387 393
388 390
388 394
389 391
389 395
390 391
390 392
390 393
390 394
391 395
396 397
396 398
396 399
396 400
396 402
396 403
396 404
396 405
396 406
397 401
397 402
397 403
397 407
398 402
398 404
399 402
399 405
400 402
400 406
401 403
401 407
402 403
402 404
402 405
402 406
403 407
408 409
408 410
408 411
408 412
408 414
408 415
408 416
408 417
408 418
409 413
409 414
409 415
409 419
410 414
410 416
411 414
411 417
412 414
412 418
413 415
413 419
414 415
414 416
414 417
414 418
415 419
420 421
420 422
420 423
420 424
420 426
420 427
420 428
420 429
420 430
421 425
421 426
421 427
421 431
422 426
422 428
423 426
423 429
424 426
424 430
425 427
425 431
426 427
426 428
426 429
426 430
427 431
432 433
432 434
432 435
432 436
432 438
432 439
432 440
432 441
432 442
433 437
433 438
433 439
433 443
434 438
434 440
435 438
435 441
436 438
436 442
437 439
437 443
438 439
438 440
438 441
438 442
439 443
444 445
444 446
444 447
444 448
444 450
444 451
444 452
444 453
444 454
445 449
445 450
445 451
445 455
446 450
446 452
447 450
447 453
448 450
448 454
449 451
449 455
449 4082
449 4085
450 451
450 452
450 453
450 454
451 455
455 4082
455 4085
456 457
456 458
456 459
456 460
456 462
456 463
456 464
456 465
456 466
457 461
457 462
457 463
457 467
458 462
458 464
459 462
459 465
460 462
460 466
461 463
461 467
461 3601
462 463
462 464
462 465
462 466
463 467
467 3601
467 3604
468 469
468 470
468 471
468 472
468 474
468 475
468 476
468 477
468 478
469 473
469 474
469 475
469 479
470 474
470 476
471 474
471 477
472 474
472 478
473 475
473 479
474 475
474 476
474 477
474 478
475 479
480 481
480 482
480 483
480 484
480 486
480 487
480 488
480 489
480 490
481 485
481 486
481 487
481 491
482 486
482 488
483 486
483 489
484 486
484 490
485 487
485 491
485 3584
485 3587
486 487
486 488
486 489
486 490
487 491
491 3584
491 3587
492 493
492 494
492 495
492 496
492 498
492 499
492 500
492 501
492 502
493 497
493 498
493 499
493 503
494 498
494 500
495 498
495 501
496 498
496 502
497 499
497 503
498 499
498 500
498 501
498 502
499 503
504 505
504 506
504 507
504 508
504 510
504 511
504 512
504 513
504 514
505 509
505 510
505 511
505 515
506 510
506 512
507 510
507 513
508 510
508 514
509 511
509 515
510 511
510 512
510 513
510 514
511 515
516 517
516 518
516 519
516 520
516 522
516 523
516 524
516 525
516 526
517 521
517 522
517 523
517 527
518 522
518 524
519 522
519 525
520 522
520 526
521 523
521 527
522 523
522 524
522 525
522 526
523 527
528 529
528 530
528 531
528 532
528 534
528 535
528 536
528 537
528 538
529 533
529 534
529 535
529 539
530 534
530 536
531 534
531 537
532 534
532 538
533 535
533 539
534 535
534 536
534 537
534 538
535 539
540 541
540 542
540 543
540 544
540 546
540 547
540 548
540 549
540 550
541 545
541 546
541 547
541 551
542 546
542 548
543 546
543 549
544 546
544 550
545 547
545 551
546 547
546 548
546 549
546 550
547 551
552 553
552 554
552 555
552 556
552 558
552 559
552 560
552 561
552 562
553 557
553 558
553 559
553 563
554 558
554 560
555 558
555 561
556 558
556 562
557 559
557 563
558 559
558 560
558 561
558 562
559 563
564 565
564 566
564 567
564 568
564 570
564 571
564 572
564 573
564 574
565 569
565 570
565 571
565 575
566 570
566 572
567 570
567 573
568 570
568 574
569 571
569 575
569 3457
570 571
570 572
570 573
570 574
571 575
575 3457
576 577
576 578
576 579
576 580
576 582
576 583
576 584
576 585
576 586
577 581
577 582
577 583
577 587
578 582
578 584
579 582
579 585
580 582
580 586
581 583
581 587
582 583
582 584
582 585
582 586
583 587
588 589
588 590
588 591
588 592
588 594
588 595
588 596
588 597
588 598
589 593
589 594
589 595
589 599
590 594
590 596
591 594
591 597
592 594
592 598
593 595
593 599
594 595
594 596
594 597
594 598
595 599
600 601
600 602
600 603
600 604
600 606
600 607
600 608
600 609
600 610
601 605
601 606
601 607
601 611
602 606
602 608
603 606
603 609
604 606
604 610
605 607
605 611
606 607
606 608
606 609
606 610
607 611
612 613
612 614
612 615
612 616
612 618
612 619
612 620
612 621
612 622
613 617
613 618
613 619
613 623
614 618
614 620
615 618
615 621
616 618
616 622
617 619
617 623
618 619
618 620
618 621
618 622
619 623
624 625
624 626
624 627
624 628
624 630
624 631
624 632
624 633
624 634
625 629
625 630
625 631
625 635
626 630
626 632
627 630
627 633
628 630
628 634
629 631
629 635
629 4460
629 4463
630 631
630 632
630 633
630 634
631 635
635 4460
635 4463
636 637
636 638
636 639
636 640
636 642
636 643
636 644
636 645
636 646
637 641
637 642
637 643
637 647
638 642
638 644
639 642
639 645
640 642
640 646
641 643
641 647
642 643
642 644
642 645
642 646
643 647
648 649
648 650
648 651
648 652
648 654
648 655
648 656
648 657
648 658
649 653
649 654
649 655
649 659
650 654
650 656
651 654
651 657
652 654
652 658
653 655
653 659
653 4022
653 4025
654 655
654 656
654 657
654 658
655 659
659 4022
659 4025
660 661
660 662
660 663
660 664
660 666
660 667
660 668
660 669
660 670
661 665
661 666
661 667
661 671
662 666
662 668
663 666
663 669
664 666
664 670
665 667
665 671
665 4561
666 667
666 668
666 669
666 670
667 671
671 4561
672 673
672 674
672 675
672 676
672 678
672 679
672 680
672 681
672 682
673 677
673 678
673 679
673 683
674 678
674 680
675 678
675 681
676 678
676 682
677 679
677 683
678 679
678 680
678 681
678 682
679 683
684 685
684 686
684 687
684 688
684 690
684 691
684 692
684 693
684 694
685 689
685 690
685 691
685 695
686 690
686 692
687 690
687 693
688 690
688 694
689 691
689 695
690 691
690 692
690 693
690 694
691 695
696 697
696 698
696 699
696 700
696 702
696 703
696 704
696 705
696 706
697 701
697 702
697 703
697 707
698 702
698 704
699 702
699 705
700 702
700 706
701 703
701 707
702 703
702 704
702 705
702 706
703 707
708 709
708 710
708 711
708 712
708 714
708 715
708 716
708 717
708 718
709 713
709 714
709 715
709 719
710 714
710 716
711 714
711 717
712 714
712 718
713 715
713 719
713 4610
714 715
714 716
714 717
714 718
715 719
719 4610
720 721
720 722
720 723
720 724
720 726
720 727
720 728
720 729
720 730
721 725
721 726
721 727
721 731
722 726
722 728
723 726
723 729
724 726
724 730
725 727
725 731
726 727
726 728
726 729
726 730
727 731
732 733
732 734
732 735
732 736
732 738
732 739
732 740
732 741
732 742
733 737
733 738
733 739
733 743
734 738
734 740
735 738
735 741
736 738
736 742
737 739
737 743
737 3632
737 3635
738 739
738 740
738 741
738 742
739 743
743 3632
743 3635
744 745
744 746
744 747
744 748
744 750
744 751
744 752
744 753
744 754
745 749
745 750
745 751
745 755
746 750
746 752
747 750
747 753
748 750
748 754
749 751
749 755
750 751
750 752
750 753
750 754
751 755
756 757
756 758
756 759
756 760
756 762
756 763
756 764
756 765
756 766
757 761
757 762
757 763
757 767
758 762
758 764
759 762
759 765
760 762
760 766
761 763
761 767
762 763
762 764
762 765
762 766
763 767
767 3518
768 769
768 770
768 771
768 772
768 774
768 775
768 776
768 777
768 778
769 773
769 774
769 775
769 779
770 774
770 776
771 774
771 777
772 774
772 778
773 775
773 779
774 775
774 776
774 777
774 778
775 779
780 781
780 782
780 783
780 784
780 786
780 787
780 788
780 789
780 790
781 785
781 786
781 787
781 791
782 786
782 788
783 786
783 789
784 786
784 790
785 787
785 791
786 787
786 788
786 789
786 790
787 791
792 793
792 794
792 795
792 796
792 798
792 799
792 800
792 801
792 802
793 797
793 798
793 799
793 803
794 798
794 800
795 798
795 801
796 798
796 802
797 799
797 803
797 4375
798 799
798 800
798 801
798 802
799 803
803 4375
803 4378
804 805
804 806
804 807
804 808
804 810
804 811
804 812
804 813
804 814
805 809
805 810
805 811
805 815
806 810
806 812
807 810
807 813
808 810
808 814
809 811
809 815
810 811
810 812
810 813
810 814
811 815
816 817
816 818
816 819
816 820
816 822
816 823
816 824
816 825
816 826
817 821
817 822
817 823
817 827
818 822
818 824
819 822
819 825
820 822
820 826
821 823
821 827
822 823
822 824
822 825
822 826
823 827
828 829
828 830
828 831
828 832
828 834
828 835
828 836
828 837
828 838
829 833
829 834
829 835
829 839
830 834
830 836
831 834
831 837
832 834
832 838
833 835
833 839
834 835
834 836
834 837
834 838
835 839
840 841
840 842
840 843
840 844
840 846
840 847
840 848
840 849
840 850
841 845
841 846
841 847
841 851
842 846
842 848
843 846
843 849
844 846
844 850
845 847
845 851
845 4298
845 4301
846 847
846 848
846 849
846 850
847 851
851 4298
851 4301
852 853
852 854
852 855
852 856
852 858
852 859
852 860
852 861
852 862
853 857
853 858
853 859
853 863
854 858
854 860
855 858
855 861
856 858
856 862
857 859
857 863
857 4285
858 859
858 860
858 861
858 862
859 863
863 4285
863 4288
864 865
864 866
864 867
864 868
864 870
864 871
864 872
864 873
864 874
865 869
865 870
865 871
865 875
866 870
866 872
867 870
867 873
868 870
868 874
869 871
869 875
869 4496
869 4499
870 871
870 872
870 873
870 874
871 875
875 4496
875 4499
876 877
876 878
876 879
876 880
876 882
876 883
876 884
876 885
876 886
877 881
877 882
877 883
877 887
878 882
878 884
879 882
879 885
880 882
880 886
881 883
881 887
882 883
882 884
882 885
882 886
883 887
888 889
888 890
888 891
888 892
888 894
888 895
888 896
888 897
888 898
889 893
889 894
889 895
889 899
890 894
890 896
891 894
891 897
892 894
892 898
893 895
893 899
894 895
894 896
894 897
894 898
895 899
900 901
900 902
900 903
900 904
900 906
900 907
900 908
900 909
900 910
901 905
901 906
901 907
901 911
902 906
902 908
903 906
903 909
904 906
904 910
905 907
905 911
906 907
906 908
906 909
906 910
907 911
912 913
912 914
912 915
912 916
912 918
912 919
912 920
912 921
912 922
913 917
913 918
913 919
913 923
914 918
914 920
915 918
915 921
916 918
916 922
917 919
917 923
918 919
918 920
918 921
918 922
919 923
924 925
924 926
924 927
924 928
924 930
924 931
924 932
924 933
924 934
925 929
925 930
925 931
925 935
926 930
926 932
927 930
927 933
928 930
928 934
929 931
929 935
930 931
930 932
930 933
930 934
931 935
936 937
936 938
936 939
936 940
936 942
936 943
936 944
936 945
936 946
937 941
937 942
937 943
937 947
938 942
938 944
939 942
939 945
940 942
940 946
941 943
941 947
942 943
942 944
942 945
942 946
943 947
948 949
948 950
948 951
948 952
948 954
948 955
948 956
948 957
948 958
949 953
949 954
949 955
949 959
950 954
950 956
951 954
951 957
952 954
952 958
953 955
953 959
953 3362
953 3365
954 955
954 956
954 957
954 958
955 959
959 3362
959 3365
960 961
960 962
960 963
960 964
960 966
960 967
960 968
960 969
960 970
961 965
961 966
961 967
961 971
962 966
962 968
963 966
963 969
964 966
964 970
965 967
965 971
966 967
966 968
966 969
966 970
967 971
972 973
972 974
972 975
972 976
972 978
972 979
972 980
972 981
972 982
973 977
973 978
973 979
973 983
974 978
974 980
975 978
975 981
976 978
976 982
977 979
977 983
978 979
978 980
978 981
978 982
979 983
984 985
984 986
984 987
984 988
984 990
984 991
984 992
984 993
984 994
985 989
985 990
985 991
985 995
986 990
986 992
987 990
987 993
988 990
988 994
989 991
989 995
989 3392
990 991
990 992
990 993
990 994
991 995
995 3392
996 997
996 998
996 999
996 1000
996 1002
996 1003
996 1004
996 1005
996 1006
997 1001
997 1002
997 1003
997 1007
998 1002
998 1004
999 1002
999 1005
1000 1002
1000 1006
1001 1003
1001 1007
1001 3422
1001 3425
1002 1003
1002 1004
1002 1005
1002 1006
1003 1007
1007 3422
1007 3425
1008 1009
1008 1010
1008 1011
1008 1012
1008 1014
1008 1015
1008 1016
1008 1017
1008 1018
1009 1013
1009 1014
1009 1015
1009 1019
1010 1014
1010 1016
1011 1014
1011 1017
1012 1014
1012 1018
1013 1015
1013 1019
1013 3985
1013 3988
1014 1015
1014 1016
1014 1017
1014 1018
1015 1019
1019 3985
1019 3988
1020 1021
1020 1022
1020 1023
1020 1024
1020 1026
1020 1027
1020 1028
1020 1029
1020 1030
1021 1025
1021 1026
1021 1027
1021 1031
1022 1026
1022 1028
1023 1026
1023 1029
1024 1026
1024 1030
1025 1027
1025 1031
1026 1027
1026 1028
1026 1029
1026 1030
1027 1031
1032 1033
1032 1034
1032 1035
1032 1036
1032 1038
1032 1039
1032 1040
1032 1041
1032 1042
1033 1037
1033 1038
1033 1039
1033 1043
1034 1038
1034 1040
1035 1038
1035 1041
1036 1038
1036 1042
1037 1039
1037 1043
1038 1039
1038 1040
1038 1041
1038 1042
1039 1043
1044 1045
1044 1046
1044 1047
1044 1048
1044 1050
1044 1051
1044 1052
1044 1053
1044 1054
1045 1049
1045 1050
1045 1051
1045 1055
1046 1050
1046 1052
1047 1050
1047 1053
1048 1050
1048 1054
1049 1051
1049 1055
1049 3464
1049 3467
1050 1051
1050 1052
1050 1053
1050 1054
1051 1055
1055 3464
1055 3467
1056 1057
1056 1058
1056 1059
1056 1060
1056 1062
1056 1063
1056 1064
1056 1065
1056 1066
1057 1061
1057 1062
1057 1063
1057 1067
1058 1062
1058 1064
1059 1062
1059 1065
1060 1062
1060 1066
1061 1063
1061 1067
1062 1063
1062 1064
1062 1065
1062 1066
1063 1067
1068 1069
1068 1070
1068 1071
1068 1072
1068 1074
1068 1075
1068 1076
1068 1077
1068 1078
1069 1073
1069 1074
1069 1075
1069 1079
1070 1074
1070 1076
1071 1074
1071 1077
1072 1074
1072 1078
1073 1075
1073 1079
1073 3949
1073 3952
1074 1075
1074 1076
1074 1077
1074 1078
1075 1079
1079 3949
1079 3952
1080 1081
1080 1082
1080 1083
1080 1084
1080 1086
1080 1087
1080 1088
1080 1089
1080 1090
1081 1085
1081 1086
1081 1087
1081 1091
1082 1086
1082 1088
1083 1086
1083 1089
1084 1086
1084 1090
1085 1087
1085 1091
1086 1087
1086 1088
1086 1089
1086 1090
1087 1091
1092 1093
1092 1094
1092 1095
1092 1096
1092 1098
1092 1099
1092 1100
1092 1101
1092 1102
1093 1097
1093 1098
1093 1099
1093 1103
1094 1098
1094 1100
1095 1098
1095 1101
1096 1098
1096 1102
1097 1099
1097 1103
1098 1099
1098 1100
1098 1101
1098 1102
1099 1103
1104 1105
1104 1106
1104 1107
1104 1108
1104 1110
1104 1111
1104 1112
1104 1113
1104 1114
1105 1109
1105 1110
1105 1111
1105 1115
1106 1110
1106 1112
1107 1110
1107 1113
1108 1110
1108 1114
1109 1111
1109 1115
1110 1111
1110 1112
1110 1113
1110 1114
1111 1115
1116 1117
1116 1118
1116 1119
1116 1120
1116 1122
1116 1123
1116 1124
1116 1125
1116 1126
1117 1121
1117 1122
1117 1123
1117 1127
1118 1122
1118 1124
1119 1122
1119 1125
1120 1122
1120 1126
1121 1123
1121 1127
1121 4612
1122 1123
1122 1124
1122 1125
1122 1126
1123 1127
1127 4612
1128 1129
1128 1130
1128 1131
1128 1132
1128 1134
1128 1135
1128 1136
1128 1137
1128 1138
1129 1133
1129 1134
1129 1135
1129 1139
1130 1134
1130 1136
1131 1134
1131 1137
1132 1134
1132 1138
1133 1135
1133 1139
1134 1135
1134 1136
1134 1137
1134 1138
1135 1139
1140 1141
1140 1142
1140 1143
1140 1144
1140 1146
1140 1147
1140 1148
1140 1149
1140 1150
1141 1145
1141 1146
1141 1147
1141 1151
1142 1146
1142 1148
1143 1146
1143 1149
1144 1146
1144 1150
1145 1147
1145 1151
1146 1147
1146 1148
1146 1149
1146 1150
1147 1151
1152 1153
1152 1154
1152 1155
1152 1156
1152 1158
1152 1159
1152 1160
1152 1161
1152 1162
1153 1157
1153 1158
1153 1159
1153 1163
1154 1158
1154 1160
1155 1158
1155 1161
1156 1158
1156 1162
1157 1159
1157 1163
1158 1159
1158 1160
1158 1161
1158 1162
1159 1163
1164 1165
1164 1166
1164 1167
1164 1168
1164 1170
1164 1171
1164 1172
1164 1173
1164 1174
1165 1169
1165 1170
1165 1171
1165 1175
1166 1170
1166 1172
1167 1170
1167 1173
1168 1170
1168 1174
1169 1171
1169 1175
1170 1171
1170 1172
1170 1173
1170 1174
1171 1175
1176 1177
1176 1178
1176 1179
1176 1180
1176 1182
1176 1183
1176 1184
1176 1185
1176 1186
1177 1181
1177 1182
1177 1183
1177 1187
1178 1182
1178 1184
1179 1182
1179 1185
1180 1182
1180 1186
1181 1183
1181 1187
1182 1183
1182 1184
1182 1185
1182 1186
1183 1187
1188 1189
1188 1190
1188 1191
1188 1192
1188 1194
1188 1195
1188 1196
1188 1197
1188 1198
1189 1193
1189 1194
1189 1195
1189 1199
1190 1194
1190 1196
1191 1194
1191 1197
1192 1194
1192 1198
1193 1195
1193 1199
1193 3223
1193 3226
1194 1195
1194 1196
1194 1197
1194 1198
1195 1199
1199 3223
1199 3226
1200 1201
1200 1202
1200 1203
1200 1204
1200 1206
1200 1207
1200 1208
1200 1209
1200 1210
1201 1205
1201 1206
1201 1207
1201 1211
1202 1206
1202 1208
1203 1206
1203 1209
1204 1206
1204 1210
1205 1207
1205 1211
1206 1207
1206 1208
1206 1209
1206 1210
1207 1211
1212 1213
1212 1214
1212 1215
1212 1216
1212 1218
1212 1219
1212 1220
1212 1221
1212 1222
1213 1217
1213 1218
1213 1219
1213 1223
1214 1218
1214 1220
1215 1218
1215 1221
1216 1218
1216 1222
1217 1219
1217 1223
1218 1219
1218 1220
1218 1221
1218 1222
1219 1223
1224 1225
1224 1226
1224 1227
1224 1228
1224 1230
1224 1231
1224 1232
1224 1233
1224 1234
1225 1229
1225 1230
1225 1231
1225 1235
1226 1230
1226 1232
1227 1230
1227 1233
1228 1230
1228 1234
1229 1231
1229 1235
1229 4256
1230 1231
1230 1232
1230 1233
1230 1234
1231 1235
1235 4256
1236 1237
1236 1238
1236 1239
1236 1240
1236 1242
1236 1243
1236 1244
1236 1245
1236 1246
1237 1241
1237 1242
1237 1243
1237 1247
1238 1242
1238 1244
1239 1242
1239 1245
1240 1242
1240 1246
1241 1243
1241 1247
1242 1243
1242 1244
1242 1245
1242 1246
1243 1247
1248 1249
1248 1250
1248 1251
1248 1252
1248 1254
1248 1255
1248 1256
1248 1257
1248 1258
1249 1253
1249 1254
1249 1255
1249 1259
1250 1254
1250 1256
1251 1254
1251 1257
1252 1254
1252 1258
1253 1255
1253 1259
1253 3253
1253 3256
1254 1255
1254 1256
1254 1257
1254 1258
1255 1259
1259 3253
1259 3256
1260 1261
1260 1262
1260 1263
1260 1264
1260 1266
1260 1267
1260 1268
1260 1269
1260 1270
1261 1265
1261 1266
1261 1267
1261 1271
1262 1266
1262 1268
1263 1266
1263 1269
1264 1266
1264 1270
1265 1267
1265 1271
1266 1267
1266 1268
1266 1269
1266 1270
1267 1271
1272 1273
1272 1274
1272 1275
1272 1276
1272 1278
1272 1279
1272 1280
1272 1281
1272 1282
1273 1277
1273 1278
1273 1279
1273 1283
1274 1278
1274 1280
1275 1278
1275 1281
1276 1278
1276 1282
1277 1279
1277 1283
1278 1279
1278 1280
1278 1281
1278 1282
1279 1283
1284 1285
1284 1286
1284 1287
1284 1288
1284 1290
1284 1291
1284 1292
1284 1293
1284 1294
1285 1289
1285 1290
1285 1291
1285 1295
1286 1290
1286 1292
1287 1290
1287 1293
1288 1290
1288 1294
1289 1291
1289 1295
1290 1291
1290 1292
1290 1293
1290 1294
1291 1295
1296 1297
1296 1298
1296 1299
1296 1300
1296 1302
1296 1303
1296 1304
1296 1305
1296 1306
1297 1301
1297 1302
1297 1303
1297 1307
1298 1302
1298 1304
1299 1302
1299 1305
1300 1302
1300 1306
1301 1303
1301 1307
1301 3439
1301 3442
1302 1303
1302 1304
1302 1305
1302 1306
1303 1307
1307 3439
1307 3442
1308 1309
1308 1310
1308 1311
1308 1312
1308 1314
1308 1315
1308 1316
1308 1317
1308 1318
1309 1313
1309 1314
1309 1315
1309 1319
1310 1314
1310 1316
1311 1314
1311 1317
1312 1314
1312 1318
1313 1315
1313 1319
1313 4033
1313 4036
1314 1315
1314 1316
1314 1317
1314 1318
1315 1319
1319 4033
1319 4036
1320 1321
1320 1322
1320 1323
1320 1324
1320 1326
1320 1327
1320 1328
1320 1329
1320 1330
1321 1325
1321 1326
1321 1327
1321 1331
1322 1326
1322 1328
1323 1326
1323 1329
1324 1326
1324 1330
1325 1327
1325 1331
1326 1327
1326 1328
1326 1329
1326 1330
1327 1331
1332 1333
1332 1334
1332 1335
1332 1336
1332 1338
1332 1339
1332 1340
1332 1341
1332 1342
1333 1337
1333 1338
1333 1339
1333 1343
1334 1338
1334 1340
1335 1338
1335 1341
1336 1338
1336 1342
1337 1339
1337 1343
1338 1339
1338 1340
1338 1341
1338 1342
1339 1343
1344 1345
1344 1346
1344 1347
1344 1348
1344 1350
1344 1351
1344 1352
1344 1353
1344 1354
1345 1349
1345 1350
1345 1351
1345 1355
1346 1350
1346 1352
1347 1350
1347 1353
1348 1350
1348 1354
1349 1351
1349 1355
1350 1351
1350 1352
1350 1353
1350 1354
1351 1355
1356 1357
1356 1358
1356 1359
1356 1360
1356 1362
1356 1363
1356 1364
1356 1365
1356 1366
1357 1361
1357 1362
1357 1363
1357 1367
1358 1362
1358 1364
1359 1362
1359 1365
1360 1362
1360 1366
1361 1363
1361 1367
1362 1363
1362 1364
1362 1365
1362 1366
1363 1367
1368 1369
1368 1370
1368 1371
1368 1372
1368 1374
1368 1375
1368 1376
1368 1377
1368 1378
1369 1373
1369 1374
1369 1375
1369 1379
1370 1374
1370 1376
1371 1374
1371 1377
1372 1374
1372 1378
1373 1375
1373 1379
1374 1375
1374 1376
1374 1377
1374 1378
1375 1379
1380 1381
1380 1382
1380 1383
1380 1384
1380 1386
1380 1387
1380 1388
1380 1389
1380 1390
1381 1385
1381 1386
1381 1387
1381 1391
1382 1386
1382 1388
1383 1386
1383 1389
1384 1386
1384 1390
1385 1387
1385 1391
1386 1387
1386 1388
1386 1389
1386 1390
1387 1391
1392 1393
1392 1394
1392 1395
1392 1396
1392 1398
1392 1399
1392 1400
1392 1401
1392 1402
1393 1397
1393 1398
1393 1399
1393 1403
1394 1398
1394 1400
1395 1398
1395 1401
1396 1398
1396 1402
1397 1399
1397 1403
1398 1399
1398 1400
1398 1401
1398 1402
1399 1403
1404 1405
1404 1406
1404 1407
1404 1408
1404 1410
1404 1411
1404 1412
1404 1413
1404 1414
1405 1409
1405 1410
1405 1411
1405 1415
1406 1410
1406 1412
1407 1410
1407 1413
1408 1410
1408 1414
1409 1411
1409 1415
1410 1411
1410 1412
1410 1413
1410 1414
1411 1415
1416 1417
1416 1418
1416 1419
1416 1420
1416 1422
1416 1423
1416 1424
1416 1425
1416 1426
1417 1421
1417 1422
1417 1423
1417 1427
1418 1422
1418 1424
1419 1422
1419 1425
1420 1422
1420 1426
1421 1423
1421 1427
1422 1423
1422 1424
1422 1425
1422 1426
1423 1427
1428 1429
1428 1430
1428 1431
1428 1432
1428 1434
1428 1435
1428 1436
1428 1437
1428 1438
1429 1433
1429 1434
1429 1435
1429 1439
1430 1434
1430 1436
1431 1434
1431 1437
1432 1434
1432 1438
1433 1435
1433 1439
1434 1435
1434 1436
1434 1437
1434 1438
1435 1439
1440 1441
1440 1442
1440 1443
1440 1444
1440 1446
1440 1447
1440 1448
1440 1449
1440 1450
1441 1445
1441 1446
1441 1447
1441 1451
1442 1446
1442 1448
1443 1446
1443 1449
1444 1446
1444 1450
1445 1447
1445 1451
1446 1447
1446 1448
1446 1449
1446 1450
1447 1451
1452 1453
1452 1454
1452 1455
1452 1456
1452 1458
1452 1459
1452 1460
1452 1461
1452 1462
1453 1457
1453 1458
1453 1459
1453 1463
1454 1458
1454 1460
1455 1458
1455 1461
1456 1458
1456 1462
1457 1459
1457 1463
1458 1459
1458 1460
1458 1461
1458 1462
1459 1463
1464 1465
1464 1466
1464 1467
1464 1468
1464 1470
1464 1471
1464 1472
1464 1473
1464 1474
1465 1469
1465 1470
1465 1471
1465 1475
1466 1470
1466 1472
1467 1470
1467 1473
1468 1470
1468 1474
1469 1471
1469 1475
1470 1471
1470 1472
1470 1473
1470 1474
1471 1475
1476 1477
1476 1478
1476 1479
1476 1480
1476 1482
1476 1483
1476 1484
1476 1485
1476 1486
1477 1481
1477 1482
1477 1483
1477 1487
1478 1482
1478 1484
1479 1482
1479 1485
1480 1482
1480 1486
1481 1483
1481 1487
1482 1483
1482 1484
1482 1485
1482 1486
1483 1487
1488 1489
1488 1490
1488 1491
1488 1492
1488 1494
1488 1495
1488 1496
1488 1497
1488 1498
1489 1493
1489 1494
1489 1495
1489 1499
1490 1494
1490 1496
1491 1494
1491 1497
1492 1494
1492 1498
1493 1495
1493 1499
1494 1495
1494 1496
1494 1497
1494 1498
1495 1499
1500 1501
1500 1502
1500 1503
1500 1504
1500 1506
1500 1507
1500 1508
1500 1509
1500 1510
1501 1505
1501 1506
1501 1507
1501 1511
1502 1506
1502 1508
1503 1506
1503 1509
1504 1506
1504 1510
1505 1507
1505 1511
1505 4617
1506 1507
1506 1508
1506 1509
1506 1510
1507 1511
1511 4617
1512 1513
1512 1514
1512 1515
1512 1516
1512 1518
1512 1519
1512 1520
1512 1521
1512 1522
1513 1517
1513 1518
1513 1519
1513 1523
1514 1518
1514 1520
1515 1518
1515 1521
1516 1518
1516 1522
1517 1519
1517 1523
1518 1519
1518 1520
1518 1521
1518 1522
1519 1523
1524 1525
1524 1526
1524 1527
1524 1528
1524 1530
1524 1531
1524 1532
1524 1533
1524 1534
1525 1529
1525 1530
1525 1531
1525 1535
1526 1530
1526 1532
1527 1530
1527 1533
1528 1530
1528 1534
1529 1531
1529 1535
1529 3110
1529 3113
1530 1531
1530 1532
1530 1533
1530 1534
1531 1535
1535 3110
1535 3113
1536 1537
1536 1538
1536 1539
1536 1540
1536 1542
1536 1543
1536 1544
1536 1545
1536 1546
1537 1541
1537 1542
1537 1543
1537 1547
1538 1542
1538 1544
1539 1542
1539 1545
1540 1542
1540 1546
1541 1543
1541 1547
1542 1543
1542 1544
1542 1545
1542 1546
1543 1547
1548 1549
1548 1550
1548 1551
1548 1552
1548 1554
1548 1555
1548 1556
1548 1557
1548 1558
1549 1553
1549 1554
1549 1555
1549 1559
1550 1554
1550 1556
1551 1554
1551 1557
1552 1554
1552 1558
1553 1555
1553 1559
1554 1555
1554 1556
1554 1557
1554 1558
1555 1559
1560 1561
1560 1562
1560 1563
1560 1564
1560 1566
1560 1567
1560 1568
1560 1569
1560 1570
1561 1565
1561 1566
1561 1567
1561 1571
1562 1566
1562 1568
1563 1566
1563 1569
1564 1566
1564 1570
1565 1567
1565 1571
1566 1567
1566 1568
1566 1569
1566 1570
1567 1571
1572 1573
1572 1574
1572 1575
1572 1576
1572 1578
1572 1579
1572 1580
1572 1581
1572 1582
1573 1577
1573 1578
1573 1579
1573 1583
1574 1578
1574 1580
1575 1578
1575 1581
1576 1578
1576 1582
1577 1579
1577 1583
1578 1579
1578 1580
1578 1581
1578 1582
1579 1583
1584 1585
1584 1586
1584 1587
1584 1588
1584 1590
1584 1591
1584 1592
1584 1593
1584 1594
1585 1589
1585 1590
1585 1591
1585 1595
1586 1590
1586 1592
1587 1590
1587 1593
1588 1590
1588 1594
1589 1591
1589 1595
1590 1591
1590 1592
1590 1593
1590 1594
1591 1595
1596 1597
1596 1598
1596 1599
1596 1600
1596 1602
1596 1603
1596 1604
1596 1605
1596 1606
1597 1601
1597 1602
1597 1603
1597 1607
1598 1602
1598 1604
1599 1602
1599 1605
1600 1602
1600 1606
1601 1603
1601 1607
1602 1603
1602 1604
1602 1605
1602 1606
1603 1607
1608 1609
1608 1610
1608 1611
1608 1612
1608 1614
1608 1615
1608 1616
1608 1617
1608 1618
1609 1613
1609 1614
1609 1615
1609 1619
1610 1614
1610 1616
1611 1614
1611 1617
1612 1614
1612 1618
1613 1615
1613 1619
1614 1615
1614 1616
1614 1617
1614 1618
1615 1619
1620 1621
1620 1622
1620 1623
1620 1624
1620 1626
1620 1627
1620 1628
1620 1629
1620 1630
1621 1625
1621 1626
1621 1627
1621 1631
1622 1626
1622 1628
1623 1626
1623 1629
1624 1626
1624 1630
1625 1627
1625 1631
1626 1627
1626 1628
1626 1629
1626 1630
1627 1631
1632 1633
1632 1634
1632 1635
1632 1636
1632 1638
1632 1639
1632 1640
1632 1641
1632 1642
1633 1637
1633 1638
1633 1639
1633 1643
1634 1638
1634 1640
1635 1638
1635 1641
1636 1638
1636 1642
1637 1639
1637 1643
1638 1639
1638 1640
1638 1641
1638 1642
1639 1643
1644 1645
1644 1646
1644 1647
1644 1648
1644 1650
1644 1651
1644 1652
1644 1653
1644 1654
1645 1649
1645 1650
1645 1651
1645 1655
1646 1650
1646 1652
1647 1650
1647 1653
1648 1650
1648 1654
1649 1651
1649 1655
1650 1651
1650 1652
1650 1653
1650 1654
1651 1655
1656 1657
1656 1658
1656 1659
1656 1660
1656 1662
1656 1663
1656 1664
1656 1665
1656 1666
1657 1661
1657 1662
1657 1663
1657 1667
1658 1662
1658 1664
1659 1662
1659 1665
1660 1662
1660 1666
1661 1663
1661 1667
1662 1663
1662 1664
1662 1665
1662 1666
1663 1667
1668 1669
1668 1670
1668 1671
1668 1672
1668 1674
1668 1675
1668 1676
1668 1677
1668 1678
1669 1673
1669 1674
1669 1675
1669 1679
1670 1674
1670 1676
1671 1674
1671 1677
1672 1674
1672 1678
1673 1675
1673 1679
1674 1675
1674 1676
1674 1677
1674 1678
1675 1679
1680 1681
1680 1682
1680 1683
1680 1684
1680 1686
1680 1687
1680 1688
1680 1689
1680 1690
1681 1685
1681 1686
1681 1687
1681 1691
1682 1686
1682 1688
1683 1686
1683 1689
1684 1686
1684 1690
1685 1687
1685 1691
1686 1687
1686 1688
1686 1689
1686 1690
1687 1691
1692 1693
1692 1694
1692 1695
1692 1696
1692 1698
1692 1699
1692 1700
1692 1701
1692 1702
1693 1697
1693 1698
1693 1699
1693 1703
1694 1698
1694 1700
1695 1698
1695 1701
1696 1698
1696 1702
1697 1699
1697 1703
1698 1699
1698 1700
1698 1701
1698 1702
1699 1703
1704 1705
1704 1706
1704 1707
1704 1708
1704 1710
1704 1711
1704 1712
1704 1713
1704 1714
1705 1709
1705 1710
1705 1711
1705 1715
1706 1710
1706 1712
1707 1710
1707 1713
1708 1710
1708 1714
1709 1711
1709 1715
1710 1711
1710 1712
1710 1713
1710 1714
1711 1715
1716 1717
1716 1718
1716 1719
1716 1720
1716 1722
1716 1723
1716 1724
1716 1725
1716 1726
1717 1721
1717 1722
1717 1723
1717 1727
1718 1722
1718 1724
1719 1722
1719 1725
1720 1722
1720 1726
1721 1723
1721 1727
1722 1723
1722 1724
1722 1725
1722 1726
1723 1727
1728 1729
1728 1730
1728 1731
1728 1732
1728 1734
1728 1735
1728 1736
1728 1737
1728 1738
1729 1733
1729 1734
1729 1735
1729 1739
1730 1734
1730 1736
1731 1734
1731 1737
1732 1734
1732 1738
1733 1735
1733 1739
1734 1735
1734 1736
1734 1737
1734 1738
1735 1739
1740 1741
1740 1742
1740 1743
1740 1744
1740 1746
1740 1747
1740 1748
1740 1749
1740 1750
1741 1745
1741 1746
1741 1747
1741 1751
1742 1746
1742 1748
1743 1746
1743 1749
1744 1746
1744 1750
1745 1747
1745 1751
1746 1747
1746 1748
1746 1749
1746 1750
1747 1751
1752 1753
1752 1754
1752 1755
1752 1756
1752 1758
1752 1759
1752 1760
1752 1761
1752 1762
1753 1757
1753 1758
1753 1759
1753 1763
1754 1758
1754 1760
1755 1758
1755 1761
1756 1758
1756 1762
1757 1759
1757 1763
1758 1759
1758 1760
1758 1761
1758 1762
1759 1763
1764 1765
1764 1766
1764 1767
1764 1768
1764 1770
1764 1771
1764 1772
1764 1773
1764 1774
1765 1769
1765 1770
1765 1771
1765 1775
1766 1770
1766 1772
1767 1770
1767 1773
1768 1770
1768 1774
1769 1771
1769 1775
1769 3871
1769 3874
1770 1771
1770 1772
1770 1773
1770 1774
1771 1775
1775 3871
1775 3874
1776 1777
1776 1778
1776 1779
1776 1780
1776 1782
1776 1783
1776 1784
1776 1785
1776 1786
1777 1781
1777 1782
1777 1783
1777 1787
1778 1782
1778 1784
1779 1782
1779 1785
1780 1782
1780 1786
1781 1783
1781 1787
1782 1783
1782 1784
1782 1785
1782 1786
1783 1787
1788 1789
1788 1790
1788 1791
1788 1792
1788 1794
1788 1795
1788 1796
1788 1797
1788 1798
1789 1793
1789 1794
1789 1795
1789 1799
1790 1794
1790 1796
1791 1794
1791 1797
1792 1794
1792 1798
1793 1795
1793 1799
1794 1795
1794 1796
1794 1797
1794 1798
1795 1799
1800 1801
1800 1802
1800 1803
1800 1804
1800 1806
1800 1807
1800 1808
1800 1809
1800 1810
1801 1805
1801 1806
1801 1807
1801 1811
1802 1806
1802 1808
1803 1806
1803 1809
1804 1806
1804 1810
1805 1807
1805 1811
1806 1807
1806 1808
1806 1809
1806 1810
1807 1811
1812 1813
1812 1814
1812 1815
1812 1816
1812 1818
1812 1819
1812 1820
1812 1821
1812 1822
1813 1817
1813 1818
1813 1819
1813 1823
1814 1818
1814 1820
1815 1818
1815 1821
1816 1818
1816 1822
1817 1819
1817 1823
1818 1819
1818 1820
1818 1821
1818 1822
1819 1823
1824 1825
1824 1826
1824 1827
1824 1828
1824 1830
1824 1831
1824 1832
1824 1833
1824 1834
1825 1829
1825 1830
1825 1831
1825 1835
1826 1830
1826 1832
1827 1830
1827 1833
1828 1830
1828 1834
1829 1831
1829 1835
1830 1831
1830 1832
1830 1833
1830 1834
1831 1835
1836 1837
1836 1838
1836 1839
1836 1840
1836 1842
1836 1843
1836 1844
1836 1845
1836 1846
1837 1841
1837 1842
1837 1843
1837 1847
1838 1842
1838 1844
1839 1842
1839 1845
1840 1842
1840 1846
1841 1843
1841 1847
1842 1843
1842 1844
1842 1845
1842 1846
1843 1847
1848 1849
1848 1850
1848 1851
1848 1852
1848 1854
1848 1855
1848 1856
1848 1857
1848 1858
1849 1853
1849 1854
1849 1855
1849 1859
1850 1854
1850 1856
1851 1854
1851 1857
1852 1854
1852 1858
1853 1855
1853 1859
1854 1855
1854 1856
1854 1857
1854 1858
1855 1859
1860 1861
1860 1862
1860 1863
1860 1864
1860 1866
1860 1867
1860 1868
1860 1869
1860 1870
1861 1865
1861 1866
1861 1867
1861 1871
1862 1866
1862 1868
1863 1866
1863 1869
1864 1866
1864 1870
1865 1867
1865 1871
1865 3092
1865 3095
1866 1867
1866 1868
1866 1869
1866 1870
1867 1871
1871 3092
1871 3095
1872 1873
1872 1874
1872 1875
1872 1876
1872 1878
1872 1879
1872 1880
1872 1881
1872 1882
1873 1877
1873 1878
1873 1879
1873 1883
1874 1878
1874 1880
1875 1878
1875 1881
1876 1878
1876 1882
1877 1879
1877 1883
1877 4267
1877 4270
1878 1879
1878 1880
1878 1881
1878 1882
1879 1883
1883 4267
1883 4270
1884 1885
1884 1886
1884 1887
1884 1888
1884 1890
1884 1891
1884 1892
1884 1893
1884 1894
1885 1889
1885 1890
1885 1891
1885 1895
1886 1890
1886 1892
1887 1890
1887 1893
1888 1890
1888 1894
1889 1891
1889 1895
1890 1891
1890 1892
1890 1893
1890 1894
1891 1895
1896 1897
1896 1898
1896 1899
1896 1900
1896 1902
1896 1903
1896 1904
1896 1905
1896 1906
1897 1901
1897 1902
1897 1903
1897 1907
1898 1902
1898 1904
1899 1902
1899 1905
1900 1902
1900 1906
1901 1903
1901 1907
1902 1903
1902 1904
1902 1905
1902 1906
1903 1907
1908 1909
1908 1910
1908 1911
1908 1912
1908 1914
1908 1915
1908 1916
1908 1917
1908 1918
1909 1913
1909 1914
1909 1915
1909 1919
1910 1914
1910 1916
1911 1914
1911 1917
1912 1914
1912 1918
1913 1915
1913 1919
1914 1915
1914 1916
1914 1917
1914 1918
1915 1919
1920 1921
1920 1922
1920 1923
1920 1924
1920 1926
1920 1927
1920 1928
1920 1929
1920 1930
1921 1925
1921 1926
1921 1927
1921 1931
1922 1926
1922 1928
1923 1926
1923 1929
1924 1926
1924 1930
1925 1927
1925 1931
1925 4201
1925 4204
1926 1927
1926 1928
1926 1929
1926 1930
1927 1931
1931 4201
1931 4204
1932 1933
1932 1934
1932 1935
1932 1936
1932 1938
1932 1939
1932 1940
1932 1941
1932 1942
1933 1937
1933 1938
1933 1939
1933 1943
1934 1938
1934 1940
1935 1938
1935 1941
1936 1938
1936 1942
1937 1939
1937 1943
1938 1939
1938 1940
1938 1941
1938 1942
1939 1943
1944 1945
1944 1946
1944 1947
1944 1948
1944 1950
1944 1951
1944 1952
1944 1953
1944 1954
1945 1949
1945 1950
1945 1951
1945 1955
1946 1950
1946 1952
1947 1950
1947 1953
1948 1950
1948 1954
1949 1951
1949 1955
1949 4532
1950 1951
1950 1952
1950 1953
1950 1954
1951 1955
1955 4532
1956 1957
1956 1958
1956 1959
1956 1960
1956 1962
1956 1963
1956 1964
1956 1965
1956 1966
1957 1961
1957 1962
1957 1963
1957 1967
1958 1962
1958 1964
1959 1962
1959 1965
1960 1962
1960 1966
1961 1963
1961 1967
1962 1963
1962 1964
1962 1965
1962 1966
1963 1967
1968 1969
1968 1970
1968 1971
1968 1972
1968 1974
1968 1975
1968 1976
1968 1977
1968 1978
1969 1973
1969 1974
1969 1975
1969 1979
1970 1974
1970 1976
1971 1974
1971 1977
1972 1974
1972 1978
1973 1975
1973 1979
1974 1975
1974 1976
1974 1977
1974 1978
1975 1979
1980 1981
1980 1982
1980 1983
1980 1984
1980 1986
1980 1987
1980 1988
1980 1989
1980 1990
1981 1985
1981 1986
1981 1987
1981 1991
1982 1986
1982 1988
1983 1986
1983 1989
1984 1986
1984 1990
1985 1987
1985 1991
1986 1987
1986 1988
1986 1989
1986 1990
1987 1991
1992 1993
1992 1994
1992 1995
1992 1996
1992 1998
1992 1999
1992 2000
1992 2001
1992 2002
1993 1997
1993 1998
1993 1999
1993 2003
1994 1998
1994 2000
1995 1998
1995 2001
1996 1998
1996 2002
1997 1999
1997 2003
1997 3332
1997 3335
1998 1999
1998 2000
1998 2001
1998 2002
1999 2003
2003 3332
2003 3335
2004 2005
2004 2006
2004 2007
2004 2008
2004 2010
2004 2011
2004 2012
2004 2013
2004 2014
2005 2009
2005 2010
2005 2011
2005 2015
2006 2010
2006 2012
2007 2010
2007 2013
2008 2010
2008 2014
2009 2011
2009 2015
2010 2011
2010 2012
2010 2013
2010 2014
2011 2015
2016 2017
2016 2018
2016 2019
2016 2020
2016 2022
2016 2023
2016 2024
2016 2025
2016 2026
2017 2021
2017 2022
2017 2023
2017 2027
2018 2022
2018 2024
2019 2022
2019 2025
2020 2022
2020 2026
2021 2023
2021 2027
2022 2023
2022 2024
2022 2025
2022 2026
2023 2027
2028 2029
2028 2030
2028 2031
2028 2032
2028 2034
2028 2035
2028 2036
2028 2037
2028 2038
2029 2033
2029 2034
2029 2035
2029 2039
2030 2034
2030 2036
2031 2034
2031 2037
2032 2034
2032 2038
2033 2035
2033 2039
2034 2035
2034 2036
2034 2037
2034 2038
2035 2039
2040 2041
2040 2042
2040 2043
2040 2044
2040 2046
2040 2047
2040 2048
2040 2049
2040 2050
2041 2045
2041 2046
2041 2047
2041 2051
2042 2046
2042 2048
2043 2046
2043 2049
2044 2046
2044 2050
2045 2047
2045 2051
2046 2047
2046 2048
2046 2049
2046 2050
2047 2051
2052 2053
2052 2054
2052 2055
2052 2056
2052 2058
2052 2059
2052 2060
2052 2061
2052 2062
2053 2057
2053 2058
2053 2059
2053 2063
2054 2058
2054 2060
2055 2058
2055 2061
2056 2058
2056 2062
2057 2059
2057 2063
2058 2059
2058 2060
2058 2061
2058 2062
2059 2063
2064 2065
2064 2066
2064 2067
2064 2068
2064 2070
2064 2071
2064 2072
2064 2073
2064 2074
2065 2069
2065 2070
2065 2071
2065 2075
2066 2070
2066 2072
2067 2070
2067 2073
2068 2070
2068 2074
2069 2071
2069 2075
2070 2071
2070 2072
2070 2073
2070 2074
2071 2075
2076 2077
2076 2078
2076 2079
2076 2080
2076 2082
2076 2083
2076 2084
2076 2085
2076 2086
2077 2081
2077 2082
2077 2083
2077 2087
2078 2082
2078 2084
2079 2082
2079 2085
2080 2082
2080 2086
2081 2083
2081 2087
2082 2083
2082 2084
2082 2085
2082 2086
2083 2087
2087 3098
2088 2089
2088 2090
2088 2091
2088 2092
2088 2094
2088 2095
2088 2096
2088 2097
2088 2098
2089 2093
2089 2094
2089 2095
2089 2099
2090 2094
2090 2096
2091 2094
2091 2097
2092 2094
2092 2098
2093 2095
2093 2099
2094 2095
2094 2096
2094 2097
2094 2098
2095 2099
2100 2101
2100 2102
2100 2103
2100 2104
2100 2106
2100 2107
2100 2108
2100 2109
2100 2110
2101 2105
2101 2106
2101 2107
2101 2111
2102 2106
2102 2108
2103 2106
2103 2109
2104 2106
2104 2110
2105 2107
2105 2111
2105 3727
2106 2107
2106 2108
2106 2109
2106 2110
2107 2111
2111 3727
2112 2113
2112 2114
2112 2115
2112 2116
2112 2118
2112 2119
2112 2120
2112 2121
2112 2122
2113 2117
2113 2118
2113 2119
2113 2123
2114 2118
2114 2120
2115 2118
2115 2121
2116 2118
2116 2122
2117 2119
2117 2123
2117 3169
2117 3172
2118 2119
2118 2120
2118 2121
2118 2122
2119 2123
2123 3169
2123 3172
2124 2125
2124 2126
2124 2127
2124 2128
2124 2130
2124 2131
2124 2132
2124 2133
2124 2134
2125 2129
2125 2130
2125 2131
2125 2135
2126 2130
2126 2132
2127 2130
2127 2133
2128 2130
2128 2134
2129 2131
2129 2135
2130 2131
2130 2132
2130 2133
2130 2134
2131 2135
2136 2137
2136 2138
2136 2139
2136 2140
2136 2142
2136 2143
2136 2144
2136 2145
2136 2146
2137 2141
2137 2142
2137 2143
2137 2147
2138 2142
2138 2144
2139 2142
2139 2145
2140 2142
2140 2146
2141 2143
2141 2147
2141 3235
2141 3238
2142 2143
2142 2144
2142 2145
2142 2146
2143 2147
2147 3235
2147 3238
2148 2149
2148 2150
2148 2151
2148 2152
2148 2154
2148 2155
2148 2156
2148 2157
2148 2158
2149 2153
2149 2154
2149 2155
2149 2159
2150 2154
2150 2156
2151 2154
2151 2157
2152 2154
2152 2158
2153 2155
2153 2159
2153 3236
2153 3239
2154 2155
2154 2156
2154 2157
2154 2158
2155 2159
2159 3236
2159 3239
2160 2161
2160 2162
2160 2163
2160 2164
2160 2166
2160 2167
2160 2168
2160 2169
2160 2170
2161 2165
2161 2166
2161 2167
2161 2171
2162 2166
2162 2168
2163 2166
2163 2169
2164 2166
2164 2170
2165 2167
2165 2171
2165 3955
2165 3958
2166 2167
2166 2168
2166 2169
2166 2170
2167 2171
2171 3955
2171 3958
2172 2173
2172 2174
2172 2175
2172 2176
2172 2178
2172 2179
2172 2180
2172 2181
2172 2182
2173 2177
2173 2178
2173 2179
2173 2183
2174 2178
2174 2180
2175 2178
2175 2181
2176 2178
2176 2182
2177 2179
2177 2183
2177 3560
2177 3563
2178 2179
2178 2180
2178 2181
2178 2182
2179 2183
2183 3560
2183 3563
2184 2185
2184 2186
2184 2187
2184 2188
2184 2190
2184 2191
2184 2192
2184 2193
2184 2194
2185 2189
2185 2190
2185 2191
2185 2195
2186 2190
2186 2192
2187 2190
2187 2193
2188 2190
2188 2194
2189 2191
2189 2195
2189 3788
2189 3791
2190 2191
2190 2192
2190 2193
2190 2194
2191 2195
2195 3788
2195 3791
2196 2197
2196 2198
2196 2199
2196 2200
2196 2202
2196 2203
2196 2204
2196 2205
2196 2206
2197 2201
2197 2202
2197 2203
2197 2207
2198 2202
2198 2204
2199 2202
2199 2205
2200 2202
2200 2206
2201 2203
2201 2207
2201 4153
2201 4156
2202 2203
2202 2204
2202 2205
2202 2206
2203 2207
2207 4153
2207 4156
2208 2209
2208 2210
2208 2211
2208 2212
2208 2214
2208 2215
2208 2216
2208 2217
2208 2218
2209 2213
2209 2214
2209 2215
2209 2219
2210 2214
2210 2216
2211 2214
2211 2217
2212 2214
2212 2218
2213 2215
2213 2219
2213 4617
2214 2215
2214 2216
2214 2217
2214 2218
2215 2219
2219 4617
2220 2221
2220 2222
2220 2223
2220 2224
2220 2226
2220 2227
2220 2228
2220 2229
2220 2230
2221 2225
2221 2226
2221 2227
2221 2231
2222 2226
2222 2228
2223 2226
2223 2229
2224 2226
2224 2230
2224 4625
2225 2227
2225 2231
2226 2227
2226 2228
2226 2229
2226 2230
2227 2231
2230 4625
2232 2233
2232 2234
2232 2235
2232 2236
2232 2238
2232 2239
2232 2240
2232 2241
2232 2242
2233 2237
2233 2238
2233 2239
2233 2243
2234 2238
2234 2240
2235 2238
2235 2241
2236 2238
2236 2242
2237 2239
2237 2243
2238 2239
2238 2240
2238 2241
2238 2242
2239 2243
2244 2245
2244 2246
2244 2247
2244 2248
2244 2250
2244 2251
2244 2252
2244 2253
2244 2254
2245 2249
2245 2250
2245 2251
2245 2255
2246 2250
2246 2252
2247 2250
2247 2253
2248 2250
2248 2254
2249 2251
2249 2255
2250 2251
2250 2252
2250 2253
2250 2254
2251 2255
2256 2257
2256 2258
2256 2259
2256 2260
2256 2262
2256 2263
2256 2264
2256 2265
2256 2266
2257 2261
2257 2262
2257 2263
2257 2267
2258 2262
2258 2264
2259 2262
2259 2265
2260 2262
2260 2266
2261 2263
2261 2267
2262 2263
2262 2264
2262 2265
2262 2266
2263 2267
2268 2269
2268 2270
2268 2271
2268 2272
2268 2274
2268 2275
2268 2276
2268 2277
2268 2278
2269 2273
2269 2274
2269 2275
2269 2279
2270 2274
2270 2276
2271 2274
2271 2277
2272 2274
2272 2278
2273 2275
2273 2279
2273 4057
2274 2275
2274 2276
2274 2277
2274 2278
2275 2279
2279 4057
2280 2281
2280 2282
2280 2283
2280 2284
2280 2286
2280 2287
2280 2288
2280 2289
2280 2290
2281 2285
2281 2286
2281 2287
2281 2291
2282 2286
2282 2288
2283 2286
2283 2289
2284 2286
2284 2290
2285 2287
2285 2291
2285 4309
2286 2287
2286 2288
2286 2289
2286 2290
2287 2291
2291 4309
2292 2293
2292 2294
2292 2295
2292 2296
2292 2298
2292 2299
2292 2300
2292 2301
2292 2302
2293 2297
2293 2298
2293 2299
2293 2303
2294 2298
2294 2300
2295 2298
2295 2301
2296 2298
2296 2302
2297 2299
2297 2303
2298 2299
2298 2300
2298 2301
2298 2302
2299 2303
2304 2305
2304 2306
2304 2307
2304 2308
2304 2310
2304 2311
2304 2312
2304 2313
2304 2314
2305 2309
2305 2310
2305 2311
2305 2315
2306 2310
2306 2312
2307 2310
2307 2313
2308 2310
2308 2314
2309 2311
2309 2315
2309 3103
2309 3106
2310 2311
2310 2312
2310 2313
2310 2314
2311 2315
2315 3103
2315 3106
2316 2317
2316 2318
2316 2319
2316 2320
2316 2322
2316 2323
2316 2324
2316 2325
2316 2326
2317 2321
2317 2322
2317 2323
2317 2327
2318 2322
2318 2324
2319 2322
2319 2325
2320 2322
2320 2326
2321 2323
2321 2327
2322 2323
2322 2324
2322 2325
2322 2326
2323 2327
2328 2329
2328 2330
2328 2331
2328 2332
2328 2334
2328 2335
2328 2336
2328 2337
2328 2338
2329 2333
2329 2334
2329 2335
2329 2339
2330 2334
2330 2336
2331 2334
2331 2337
2332 2334
2332 2338
2333 2335
2333 2339
2333 3614
2333 3617
2334 2335
2334 2336
2334 2337
2334 2338
2335 2339
2339 3614
2339 3617
2340 2341
2340 2342
2340 2343
2340 2344
2340 2346
2340 2347
2340 2348
2340 2349
2340 2350
2341 2345
2341 2346
2341 2347
2341 2351
2342 2346
2342 2348
2343 2346
2343 2349
2344 2346
2344 2350
2345 2347
2345 2351
2346 2347
2346 2348
2346 2349
2346 2350
2347 2351
2352 2353
2352 2354
2352 2355
2352 2356
2352 2358
2352 2359
2352 2360
2352 2361
2352 2362
2353 2357
2353 2358
2353 2359
2353 2363
2354 2358
2354 2360
2355 2358
2355 2361
2356 2358
2356 2362
2357 2359
2357 2363
2358 2359
2358 2360
2358 2361
2358 2362
2359 2363
2364 2365
2364 2366
2364 2367
2364 2368
2364 2370
2364 2371
2364 2372
2364 2373
2364 2374
2365 2369
2365 2370
2365 2371
2365 2375
2366 2370
2366 2372
2367 2370
2367 2373
2368 2370
2368 2374
2369 2371
2369 2375
2369 4604
2369 4607
2370 2371
2370 2372
2370 2373
2370 2374
2371 2375
2375 4604
2375 4607
2376 2377
2376 2378
2376 2379
2376 2380
2376 2382
2376 2383
2376 2384
2376 2385
2376 2386
2377 2381
2377 2382
2377 2383
2377 2387
2378 2382
2378 2384
2379 2382
2379 2385
2380 2382
2380 2386
2381 2383
2381 2387
2382 2383
2382 2384
2382 2385
2382 2386
2383 2387
2388 2389
2388 2390
2388 2391
2388 2392
2388 2394
2388 2395
2388 2396
2388 2397
2388 2398
2389 2393
2389 2394
2389 2395
2389 2399
2390 2394
2390 2396
2391 2394
2391 2397
2392 2394
2392 2398
2393 2395
2393 2399
2394 2395
2394 2396
2394 2397
2394 2398
2395 2399
2400 2401
2400 2402
2400 2403
2400 2404
2400 2406
2400 2407
2400 2408
2400 2409
2400 2410
2401 2405
2401 2406
2401 2407
2401 2411
2402 2406
2402 2408
2403 2406
2403 2409
2404 2406
2404 2410
2405 2407
2405 2411
2405 4208
2406 2407
2406 2408
2406 2409
2406 2410
2407 2411
2411 4208
2411 4211
2412 2413
2412 2414
2412 2415
2412 2416
2412 2418
2412 2419
2412 2420
2412 2421
2412 2422
2413 2417
2413 2418
2413 2419
2413 2423
2414 2418
2414 2420
2415 2418
2415 2421
2416 2418
2416 2422
2417 2419
2417 2423
2418 2419
2418 2420
2418 2421
2418 2422
2419 2423
2424 2425
2424 2426
2424 2427
2424 2428
2424 2430
2424 2431
2424 2432
2424 2433
2424 2434
2425 2429
2425 2430
2425 2431
2425 2435
2426 2430
2426 2432
2427 2430
2427 2433
2428 2430
2428 2434
2429 2431
2429 2435
2430 2431
2430 2432
2430 2433
2430 2434
2431 2435
2436 2437
2436 2438
2436 2439
2436 2440
2436 2442
2436 2443
2436 2444
2436 2445
2436 2446
2437 2441
2437 2442
2437 2443
2437 2447
2438 2442
2438 2444
2439 2442
2439 2445
2440 2442
2440 2446
2441 2443
2441 2447
2442 2443
2442 2444
2442 2445
2442 2446
2443 2447
2448 2449
2448 2450
2448 2451
2448 2452
2448 2454
2448 2455
2448 2456
2448 2457
2448 2458
2449 2453
2449 2454
2449 2455
2449 2459
2450 2454
2450 2456
2451 2454
2451 2457
2452 2454
2452 2458
2453 2455
2453 2459
2453 3086
2453 3089
2454 2455
2454 2456
2454 2457
2454 2458
2455 2459
2459 3086
2459 3089
2460 2461
2460 2462
2460 2463
2460 2464
2460 2466
2460 2467
2460 2468
2460 2469
2460 2470
2461 2465
2461 2466
2461 2467
2461 2471
2462 2466
2462 2468
2463 2466
2463 2469
2464 2466
2464 2470
2465 2467
2465 2471
2466 2467
2466 2468
2466 2469
2466 2470
2467 2471
2472 2473
2472 2474
2472 2475
2472 2476
2472 2478
2472 2479
2472 2480
2472 2481
2472 2482
2473 2477
2473 2478
2473 2479
2473 2483
2474 2478
2474 2480
2475 2478
2475 2481
2476 2478
2476 2482
2477 2479
2477 2483
2478 2479
2478 2480
2478 2481
2478 2482
2479 2483
2484 2485
2484 2486
2484 2487
2484 2488
2484 2490
2484 2491
2484 2492
2484 2493
2484 2494
2485 2489
2485 2490
2485 2491
2485 2495
2486 2490
2486 2492
2487 2490
2487 2493
2488 2490
2488 2494
2489 2491
2489 2495
2489 3854
2489 3857
2490 2491
2490 2492
2490 2493
2490 2494
2491 2495
2495 3854
2495 3857
2496 2497
2496 2498
2496 2499
2496 2500
2496 2502
2496 2503
2496 2504
2496 2505
2496 2506
2497 2501
2497 2502
2497 2503
2497 2507
2498 2502
2498 2504
2499 2502
2499 2505
2500 2502
2500 2506
2501 2503
2501 2507
2501 3529
2501 3532
2502 2503
2502 2504
2502 2505
2502 2506
2503 2507
2507 3529
2507 3532
2508 2509
2508 2510
2508 2511
2508 2512
2508 2514
2508 2515
2508 2516
2508 2517
2508 2518
2509 2513
2509 2514
2509 2515
2509 2519
2510 2514
2510 2516
2511 2514
2511 2517
2512 2514
2512 2518
2513 2515
2513 2519
2514 2515
2514 2516
2514 2517
2514 2518
2515 2519
2520 2521
2520 2522
2520 2523
2520 2524
2520 2526
2520 2527
2520 2528
2520 2529
2520 2530
2521 2525
2521 2526
2521 2527
2521 2531
2522 2526
2522 2528
2523 2526
2523 2529
2524 2526
2524 2530
2525 2527
2525 2531
2526 2527
2526 2528
2526 2529
2526 2530
2527 2531
2532 2533
2532 2534
2532 2535
2532 2536
2532 2538
2532 2539
2532 2540
2532 2541
2532 2542
2533 2537
2533 2538
2533 2539
2533 2543
2534 2538
2534 2540
2535 2538
2535 2541
2536 2538
2536 2542
2537 2539
2537 2543
2538 2539
2538 2540
2538 2541
2538 2542
2539 2543
2544 2545
2544 2546
2544 2547
2544 2548
2544 2550
2544 2551
2544 2552
2544 2553
2544 2554
2545 2549
2545 2550
2545 2551
2545 2555
2546 2550
2546 2552
2547 2550
2547 2553
2548 2550
2548 2554
2549 2551
2549 2555
2549 4615
2550 2551
2550 2552
2550 2553
2550 2554
2551 2555
2555 4615
2556 2557
2556 2558
2556 2559
2556 2560
2556 2562
2556 2563
2556 2564
2556 2565
2556 2566
2557 2561
2557 2562
2557 2563
2557 2567
2558 2562
2558 2564
2559 2562
2559 2565
2560 2562
2560 2566
2561 2563
2561 2567
2562 2563
2562 2564
2562 2565
2562 2566
2563 2567
2568 2569
2568 2570
2568 2571
2568 2572
2568 2574
2568 2575
2568 2576
2568 2577
2568 2578
2569 2573
2569 2574
2569 2575
2569 2579
2570 2574
2570 2576
2571 2574
2571 2577
2572 2574
2572 2578
2573 2575
2573 2579
2574 2575
2574 2576
2574 2577
2574 2578
2575 2579
2580 2581
2580 2582
2580 2583
2580 2584
2580 2586
2580 2587
2580 2588
2580 2589
2580 2590
2581 2585
2581 2586
2581 2587
2581 2591
2582 2586
2582 2588
2583 2586
2583 2589
2584 2586
2584 2590
2585 2587
2585 2591
2586 2587
2586 2588
2586 2589
2586 2590
2587 2591
2592 2593
2592 2594
2592 2595
2592 2596
2592 2598
2592 2599
2592 2600
2592 2601
2592 2602
2593 2597
2593 2598
2593 2599
2593 2603
2594 2598
2594 2600
2595 2598
2595 2601
2596 2598
2596 2602
2597 2599
2597 2603
2597 4315
2597 4318
2598 2599
2598 2600
2598 2601
2598 2602
2599 2603
2603 4315
2603 4318
2604 2605
2604 2606
2604 2607
2604 2608
2604 2610
2604 2611
2604 2612
2604 2613
2604 2614
2605 2609
2605 2610
2605 2611
2605 2615
2606 2610
2606 2612
2607 2610
2607 2613
2608 2610
2608 2614
2609 2611
2609 2615
2610 2611
2610 2612
2610 2613
2610 2614
2611 2615
2615 3289
2616 2617
2616 2618
2616 2619
2616 2620
2616 2622
2616 2623
2616 2624
2616 2625
2616 2626
2617 2621
2617 2622
2617 2623
2617 2627
2618 2622
2618 2624
2619 2622
2619 2625
2620 2622
2620 2626
2621 2623
2621 2627
2621 4034
2621 4037
2622 2623
2622 2624
2622 2625
2622 2626
2623 2627
2627 4034
2627 4037
2628 2629
2628 2630
2628 2631
2628 2632
2628 2634
2628 2635
2628 2636
2628 2637
2628 2638
2629 2633
2629 2634
2629 2635
2629 2639
2630 2634
2630 2636
2631 2634
2631 2637
2632 2634
2632 2638
2633 2635
2633 2639
2634 2635
2634 2636
2634 2637
2634 2638
2635 2639
2640 2641
2640 2642
2640 2643
2640 2644
2640 2646
2640 2647
2640 2648
2640 2649
2640 2650
2641 2645
2641 2646
2641 2647
2641 2651
2642 2646
2642 2648
2643 2646
2643 2649
2644 2646
2644 2650
2645 2647
2645 2651
2646 2647
2646 2648
2646 2649
2646 2650
2647 2651
2652 2653
2652 2654
2652 2655
2652 2656
2652 2658
2652 2659
2652 2660
2652 2661
2652 2662
2653 2657
2653 2658
2653 2659
2653 2663
2654 2658
2654 2660
2655 2658
2655 2661
2656 2658
2656 2662
2657 2659
2657 2663
2657 3200
2657 3203
2658 2659
2658 2660
2658 2661
2658 2662
2659 2663
2663 3200
2663 3203
2664 2665
2664 2666
2664 2667
2664 2668
2664 2670
2664 2671
2664 2672
2664 2673
2664 2674
2665 2669
2665 2670
2665 2671
2665 2675
2666 2670
2666 2672
2667 2670
2667 2673
2668 2670
2668 2674
2669 2671
2669 2675
2669 4453
2670 2671
2670 2672
2670 2673
2670 2674
2671 2675
2675 4453
2676 2677
2676 2678
2676 2679
2676 2680
2676 2682
2676 2683
2676 2684
2676 2685
2676 2686
2677 2681
2677 2682
2677 2683
2677 2687
2678 2682
2678 2684
2679 2682
2679 2685
2680 2682
2680 2686
2681 2683
2681 2687
2682 2683
2682 2684
2682 2685
2682 2686
2683 2687
2688 2689
2688 2690
2688 2691
2688 2692
2688 2694
2688 2695
2688 2696
2688 2697
2688 2698
2689 2693
2689 2694
2689 2695
2689 2699
2690 2694
2690 2696
2691 2694
2691 2697
2692 2694
2692 2698
2693 2695
2693 2699
2694 2695
2694 2696
2694 2697
2694 2698
2695 2699
2700 2701
2700 2702
2700 2703
2700 2704
2700 2706
2700 2707
2700 2708
2700 2709
2700 2710
2701 2705
2701 2706
2701 2707
2701 2711
2702 2706
2702 2708
2703 2706
2703 2709
2704 2706
2704 2710
2705 2707
2705 2711
2706 2707
2706 2708
2706 2709
2706 2710
2707 2711
2712 2713
2712 2714
2712 2715
2712 2716
2712 2718
2712 2719
2712 2720
2712 2721
2712 2722
2713 2717
2713 2718
2713 2719
2713 2723
2714 2718
2714 2720
2715 2718
2715 2721
2716 2718
2716 2722
2717 2719
2717 2723
2718 2719
2718 2720
2718 2721
2718 2722
2719 2723
2724 2725
2724 2726
2724 2727
2724 2728
2724 2730
2724 2731
2724 2732
2724 2733
2724 2734
2725 2729
2725 2730
2725 2731
2725 2735
2726 2730
2726 2732
2727 2730
2727 2733
2728 2730
2728 2734
2729 2731
2729 2735
2729 3331
2729 3334
2730 2731
2730 2732
2730 2733
2730 2734
2731 2735
2735 3331
2735 3334
2736 2737
2736 2738
2736 2739
2736 2740
2736 2742
2736 2743
2736 2744
2736 2745
2736 2746
2737 2741
2737 2742
2737 2743
2737 2747
2738 2742
2738 2744
2739 2742
2739 2745
2740 2742
2740 2746
2741 2743
2741 2747
2742 2743
2742 2744
2742 2745
2742 2746
2743 2747
2748 2749
2748 2750
2748 2751
2748 2752
2748 2754
2748 2755
2748 2756
2748 2757
2748 2758
2749 2753
2749 2754
2749 2755
2749 2759
2750 2754
2750 2756
2751 2754
2751 2757
2752 2754
2752 2758
2753 2755
2753 2759
2754 2755
2754 2756
2754 2757
2754 2758
2755 2759
2760 2761
2760 2762
2760 2763
2760 2764
2760 2766
2760 2767
2760 2768
2760 2769
2760 2770
2761 2765
2761 2766
2761 2767
2761 2771
2762 2766
2762 2768
2763 2766
2763 2769
2764 2766
2764 2770
2765 2767
2765 2771
2765 3427
2765 3430
2766 2767
2766 2768
2766 2769
2766 2770
2767 2771
2771 3427
2771 3430
2772 2773
2772 2774
2772 2775
2772 2776
2772 2778
2772 2779
2772 2780
2772 2781
2772 2782
2773 2777
2773 2778
2773 2779
2773 2783
2774 2778
2774 2780
2775 2778
2775 2781
2776 2778
2776 2782
2777 2779
2777 2783
2778 2779
2778 2780
2778 2781
2778 2782
2779 2783
2784 2785
2784 2786
2784 2787
2784 2788
2784 2790
2784 2791
2784 2792
2784 2793
2784 2794
2785 2789
2785 2790
2785 2791
2785 2795
2786 2790
2786 2792
2787 2790
2787 2793
2788 2790
2788 2794
2789 2791
2789 2795
2790 2791
2790 2792
2790 2793
2790 2794
2791 2795
2796 2797
2796 2798
2796 2799
2796 2800
2796 2802
2796 2803
2796 2804
2796 2805
2796 2806
2797 2801
2797 2802
2797 2803
2797 2807
2798 2802
2798 2804
2799 2802
2799 2805
2800 2802
2800 2806
2801 2803
2801 2807
2801 3866
2801 3869
2802 2803
2802 2804
2802 2805
2802 2806
2803 2807
2807 3866
2807 3869
2808 2809
2808 2810
2808 2811
2808 2812
2808 2814
2808 2815
2808 2816
2808 2817
2808 2818
2809 2813
2809 2814
2809 2815
2809 2819
2810 2814
2810 2816
2811 2814
2811 2817
2812 2814
2812 2818
2813 2815
2813 2819
2814 2815
2814 2816
2814 2817
2814 2818
2815 2819
2820 2821
2820 2822
2820 2823
2820 2824
2820 2826
2820 2827
2820 2828
2820 2829
2820 2830
2821 2825
2821 2826
2821 2827
2821 2831
2822 2826
2822 2828
2823 2826
2823 2829
2824 2826
2824 2830
2825 2827
2825 2831
2826 2827
2826 2828
2826 2829
2826 2830
2827 2831
2832 2833
2832 2834
2832 2835
2832 2836
2832 2838
2832 2839
2832 2840
2832 2841
2832 2842
2833 2837
2833 2838
2833 2839
2833 2843
2834 2838
2834 2840
2835 2838
2835 2841
2836 2838
2836 2842
2837 2839
2837 2843
2838 2839
2838 2840
2838 2841
2838 2842
2839 2843
2844 2845
2844 2846
2844 2847
2844 2848
2844 2850
2844 2851
2844 2852
2844 2853
2844 2854
2845 2849
2845 2850
2845 2851
2845 2855
2846 2850
2846 2852
2847 2850
2847 2853
2848 2850
2848 2854
2849 2851
2849 2855
2850 2851
2850 2852
2850 2853
2850 2854
2851 2855
2856 2857
2856 2858
2856 2859
2856 2860
2856 2862
2856 2863
2856 2864
2856 2865
2856 2866
2857 2861
2857 2862
2857 2863
2857 2867
2858 2862
2858 2864
2859 2862
2859 2865
2860 2862
2860 2866
2861 2863
2861 2867
2862 2863
2862 2864
2862 2865
2862 2866
2863 2867
2868 2869
2868 2870
2868 2871
2868 2872
2868 2874
2868 2875
2868 2876
2868 2877
2868 2878
2869 2873
2869 2874
2869 2875
2869 2879
2870 2874
2870 2876
2871 2874
2871 2877
2872 2874
2872 2878
2873 2875
2873 2879
2874 2875
2874 2876
2874 2877
2874 2878
2875 2879
2880 2881
2880 2882
2880 2883
2880 2884
2880 2886
2880 2887
2880 2888
2880 2889
2880 2890
2881 2885
2881 2886
2881 2887
2881 2891
2882 2886
2882 2888
2883 2886
2883 2889
2884 2886
2884 2890
2885 2887
2885 2891
2885 3559
2885 3562
2886 2887
2886 2888
2886 2889
2886 2890
2887 2891
2891 3559
2891 3562
2892 2893
2892 2894
2892 2895
2892 2896
2892 2898
2892 2899
2892 2900
2892 2901
2892 2902
2893 2897
2893 2898
2893 2899
2893 2903
2894 2898
2894 2900
2895 2898
2895 2901
2896 2898
2896 2902
2897 2899
2897 2903
2898 2899
2898 2900
2898 2901
2898 2902
2899 2903
2904 2905
2904 2906
2904 2907
2904 2908
2904 2910
2904 2911
2904 2912
2904 2913
2904 2914
2905 2909
2905 2910
2905 2911
2905 2915
2906 2910
2906 2912
2907 2910
2907 2913
2908 2910
2908 2914
2909 2911
2909 2915
2909 4184
2909 4187
2910 2911
2910 2912
2910 2913
2910 2914
2911 2915
2915 4184
2915 4187
2916 2917
2916 2918
2916 2919
2916 2920
2916 2922
2916 2923
2916 2924
2916 2925
2916 2926
2917 2921
2917 2922
2917 2923
2917 2927
2918 2922
2918 2924
2919 2922
2919 2925
2920 2922
2920 2926
2921 2923
2921 2927
2921 4613
2922 2923
2922 2924
2922 2925
2922 2926
2923 2927
2927 4613
2928 2929
2928 2930
2928 2931
2928 2932
2928 2934
2928 2935
2928 2936
2928 2937
2928 2938
2929 2933
2929 2934
2929 2935
2929 2939
2930 2934
2930 2936
2931 2934
2931 2937
2932 2934
2932 2938
2933 2935
2933 2939
2933 4611
2934 2935
2934 2936
2934 2937
2934 2938
2935 2939
2939 4611
2940 2941
2940 2942
2940 2943
2940 2944
2940 2946
2940 2947
2940 2948
2940 2949
2940 2950
2941 2945
2941 2946
2941 2947
2941 2951
2942 2946
2942 2948
2943 2946
2943 2949
2944 2946
2944 2950
2945 2947
2945 2951
2945 4273
2945 4276
2946 2947
2946 2948
2946 2949
2946 2950
2947 2951
2951 4273
2951 4276
2952 2953
2952 2954
2952 2955
2952 2956
2952 2958
2952 2959
2952 2960
2952 2961
2952 2962
2953 2957
2953 2958
2953 2959
2953 2963
2954 2958
2954 2960
2955 2958
2955 2961
2956 2958
2956 2962
2957 2959
2957 2963
2958 2959
2958 2960
2958 2961
2958 2962
2959 2963
2964 2965
2964 2966
2964 2967
2964 2968
2964 2970
2964 2971
2964 2972
2964 2973
2964 2974
2965 2969
2965 2970
2965 2971
2965 2975
2966 2970
2966 2972
2967 2970
2967 2973
2968 2970
2968 2974
2969 2971
2969 2975
2970 2971
2970 2972
2970 2973
2970 2974
2971 2975
2976 2977
2976 2978
2976 2979
2976 2980
2976 2982
2976 2983
2976 2984
2976 2985
2976 2986
2977 2981
2977 2982
2977 2983
2977 2987
2978 2982
2978 2984
2979 2982
2979 2985
2980 2982
2980 2986
2981 2983
2981 2987
2982 2983
2982 2984
2982 2985
2982 2986
2983 2987
2988 2989
2988 2990
2988 2991
2988 2992
2988 2994
2988 2995
2988 2996
2988 2997
2988 2998
2989 2993
2989 2994
2989 2995
2989 2999
2990 2994
2990 2996
2991 2994
2991 2997
2992 2994
2992 2998
2993 2995
2993 2999
2994 2995
2994 2996
2994 2997
2994 2998
2995 2999
3000 3001
3000 3002
3000 3003
3000 3004
3000 3006
3000 3007
3000 3008
3000 3009
3000 3010
3001 3005
3001 3006
3001 3007
3001 3011
3002 3006
3002 3008
3003 3006
3003 3009
3004 3006
3004 3010
3005 3007
3005 3011
3006 3007
3006 3008
3006 3009
3006 3010
3007 3011
3012 3013
3012 3014
3012 3015
3012 3016
3012 3018
3012 3019
3012 3020
3012 3021
3012 3022
3013 3017
3013 3018
3013 3019
3013 3023
3014 3018
3014 3020
3015 3018
3015 3021
3016 3018
3016 3022
3017 3019
3017 3023
3018 3019
3018 3020
3018 3021
3018 3022
3019 3023
3024 3025
3024 3026
3024 3027
3024 3028
3024 3030
3024 3031
3024 3032
3024 3033
3024 3034
3025 3029
3025 3030
3025 3031
3025 3035
3026 3030
3026 3032
3027 3030
3027 3033
3028 3030
3028 3034
3029 3031
3029 3035
3029 3692
3029 3695
3030 3031
3030 3032
3030 3033
3030 3034
3031 3035
3035 3692
3035 3695
3036 3037
3036 3038
3036 3039
3036 3040
3036 3042
3036 3043
3036 3044
3036 3045
3036 3046
3037 3041
3037 3042
3037 3043
3037 3047
3038 3042
3038 3044
3039 3042
3039 3045
3040 3042
3040 3046
3041 3043
3041 3047
3042 3043
3042 3044
3042 3045
3042 3046
3043 3047
3048 3049
3048 3050
3048 3051
3048 3052
3048 3054
3048 3055
3048 3056
3048 3057
3048 3058
3049 3053
3049 3054
3049 3055
3049 3059
3050 3054
3050 3056
3051 3054
3051 3057
3052 3054
3052 3058
3053 3055
3053 3059
3054 3055
3054 3056
3054 3057
3054 3058
3055 3059
3060 3061
3060 3062
3060 3063
3060 3064
3060 3066
3060 3067
3060 3068
3060 3069
3060 3070
3061 3065
3061 3066
3061 3067
3061 3071
3062 3066
3062 3068
3063 3066
3063 3069
3064 3066
3064 3070
3065 3067
3065 3071
3065 3878
3065 3881
3066 3067
3066 3068
3066 3069
3066 3070
3067 3071
3071 3878
3071 3881
3072 3073
3072 3074
3072 3075
3072 3076
3072 3077
3072 4612
3073 3075
3073 3076
3073 3300
3073 3303
3074 3075
3074 3077
3075 3076
3075 3077
3075 4612
3076 3300
3076 3303
3078 3079
3078 3080
3078 3081
3078 3082
3078 3083
3078 4609
3079 3081
3079 3082
3080 3081
3080 3083
3081 3082
3081 3083
3081 4609
3084 3085
3084 3086
3084 3087
3084 3088
3084 3089
3084 3433
3084 3436
3085 3087
3085 3088
3085 3468
3085 3471
3086 3087
3086 3089
3087 3088
3087 3089
3087 3433
3087 3436
3088 3468
3088 3471
3090 3091
3090 3092
3090 3093
3090 3094
3090 3095
3090 4381
3090 4384
3091 3093
3091 3094
3092 3093
3092 3095
3093 3094
3093 3095
3093 4381
3093 4384
3096 3097
3096 3098
3096 3099
3096 3100
3096 3101
3096 4142
3096 4145
3097 3099
3097 3100
3097 3570
3097 3573
3098 3099
3098 3101
3099 3100
3099 3101
3099 4142
3099 4145
3100 3570
3100 3573
3102 3103
3102 3104
3102 3105
3102 3106
3102 3107
3102 3944
3102 3947
3103 3105
3103 3106
3104 3105
3104 3107
3104 3882
3104 3885
3105 3106
3105 3107
3105 3944
3105 3947
3107 3882
3107 3885
3108 3109
3108 3110
3108 3111
3108 3112
3108 3113
3109 3111
3109 3112
3109 3348
3109 3351
3110 3111
3110 3113
3111 3112
3111 3113
3112 3348
3112 3351
3114 3115
3114 3116
3114 3117
3114 3118
3114 3119
3114 4549
3114 4552
3115 3117
3115 3118
3115 3972
3115 3975
3116 3117
3116 3119
3116 4008
3116 4011
3117 3118
3117 3119
3117 4549
3117 4552
3118 3972
3118 3975
3119 4008
3119 4011
3120 3121
3120 3122
3120 3123
3120 3124
3120 3125
3120 3848
3120 3851
3121 3123
3121 3124
3122 3123
3122 3125
3122 3540
3122 3543
3123 3124
3123 3125
3123 3848
3123 3851
3125 3540
3125 3543
3126 3127
3126 3128
3126 3129
3126 3130
3126 3131
3126 3698
3126 3701
3127 3129
3127 3130
3128 3129
3128 3131
3129 3130
3129 3131
3129 3698
3129 3701
3132 3133
3132 3134
3132 3135
3132 3136
3132 3137
3132 4100
3132 4103
3133 3135
3133 3136
3134 3135
3134 3137
3135 3136
3135 3137
3135 4100
3135 4103
3138 3139
3138 3140
3138 3141
3138 3142
3138 3143
3139 3141
3139 3142
3140 3141
3140 3143
3141 3142
3141 3143
3144 3145
3144 3146
3144 3147
3144 3148
3144 3149
3144 4076
3144 4079
3145 3147
3145 3148
3146 3147
3146 3149
3147 3148
3147 3149
3147 4076
3147 4079
3150 3151
3150 3152
3150 3153
3150 3154
3150 3155
3150 3175
3150 3178
3151 3153
3151 3154
3152 3153
3152 3155
3153 3154
3153 3155
3153 3175
3153 3178
3156 3157
3156 3158
3156 3159
3156 3160
3156 3161
3157 3159
3157 3160
3158 3159
3158 3161
3159 3160
3159 3161
3162 3163
3162 3164
3162 3165
3162 3166
3162 3167
3163 3165
3163 3166
3164 3165
3164 3167
3164 4464
3164 4467
3165 3166
3165 3167
3167 4464
3167 4467
3168 3169
3168 3170
3168 3171
3168 3172
3168 3173
3168 3188
3168 3191
3169 3171
3169 3172
3170 3171
3170 3173
3171 3172
3171 3173
3171 3188
3171 3191
3174 3175
3174 3176
3174 3177
3174 3178
3174 3179
3174 4609
3175 3177
3175 3178
3176 3177
3176 3179
3177 3178
3177 3179
3177 4609
3180 3181
3180 3182
3180 3183
3180 3184
3180 3185
3180 3745
3180 3748
3181 3183
3181 3184
3181 4590
3181 4593
3182 3183
3182 3185
3183 3184
3183 3185
3183 3745
3183 3748
3184 4590
3184 4593
3186 3187
3186 3188
3186 3189
3186 3190
3186 3191
3186 3643
3186 3646
3187 3189
3187 3190
3188 3189
3188 3191
3189 3190
3189 3191
3189 3643
3189 3646
3192 3193
3192 3194
3192 3195
3192 3196
3192 3197
3192 4608
3193 3195
3193 3196
3193 4506
3193 4509
3194 3195
3194 3197
3195 3196
3195 3197
3195 4608
3196 4506
3196 4509
3198 3199
3198 3200
3198 3201
3198 3202
3198 3203
3198 3860
3198 3863
3199 3201
3199 3202
3200 3201
3200 3203
3201 3202
3201 3203
3201 3860
3201 3863
3204 3205
3204 3206
3204 3207
3204 3208
3204 3209
3204 3338
3204 3341
3205 3207
3205 3208
3205 3990
3205 3993
3206 3207
3206 3209
3207 3208
3207 3209
3207 3338
3207 3341
3208 3990
3208 3993
3210 3211
3210 3212
3210 3213
3210 3214
3210 3215
3210 4613
3211 3213
3211 3214
3211 3972
3211 3975
3212 3213
3212 3215
3212 3582
3212 3585
3213 3214
3213 3215
3213 4613
3214 3972
3214 3975
3215 3582
3215 3585
3216 3217
3216 3218
3216 3219
3216 3220
3216 3221
3217 3219
3217 3220
3217 4512
3217 4515
3218 3219
3218 3221
3218 4398
3218 4401
3219 3220
3219 3221
3220 4512
3220 4515
3221 4398
3221 4401
3222 3223
3222 3224
3222 3225
3222 3226
3222 3227
3223 3225
3223 3226
3224 3225
3224 3227
3224 4440
3224 4443
3225 3226
3225 3227
3227 4440
3227 4443
3228 3229
3228 3230
3228 3231
3228 3232
3228 3233
3228 4015
3228 4018
3229 3231
3229 3232
3230 3231
3230 3233
3230 3270
3230 3273
3231 3232
3231 3233
3231 4015
3231 4018
3233 3270
3233 3273
3234 3235
3234 3236
3234 3237
3234 3238
3234 3239
3235 3237
3235 3238
3236 3237
3236 3239
3237 3238
3237 3239
3240 3241
3240 3242
3240 3243
3240 3244
3240 3245
3241 3243
3241 3244
3242 3243
3242 3245
3243 3244
3243 3245
3246 3247
3246 3248
3246 3249
3246 3250
3246 3251
3246 3697
3246 3700
3247 3249
3247 3250
3248 3249
3248 3251
3249 3250
3249 3251
3249 3697
3249 3700
3252 3253
3252 3254
3252 3255
3252 3256
3252 3257
3253 3255
3253 3256
3254 3255
3254 3257
3255 3256
3255 3257
3258 3259
3258 3260
3258 3261
3258 3262
3258 3263
3258 4027
3258 4030
3259 3261
3259 3262
3260 3261
3260 3263
3260 3384
3260 3387
3261 3262
3261 3263
3261 4027
3261 4030
3263 3384
3263 3387
3264 3265
3264 3266
3264 3267
3264 3268
3264 3269
3264 4609
3265 3267
3265 3268
3266 3267
3266 3269
3267 3268
3267 3269
3267 4609
3270 3271
3270 3272
3270 3273
3270 3274
3270 3275
3271 3273
3271 3274
3271 4122
3271 4125
3272 3273
3272 3275
3273 3274
3273 3275
3274 4122
3274 4125
3276 3277
3276 3278
3276 3279
3276 3280
3276 3281
3277 3279
3277 3280
3278 3279
3278 3281
3278 3486
3278 3489
3279 3280
3279 3281
3281 3486
3281 3489
3282 3283
3282 3284
3282 3285
3282 3286
3282 3287
3282 4202
3282 4205
3283 3285
3283 3286
3284 3285
3284 3287
3285 3286
3285 3287
3285 4202
3285 4205
3288 3289
3288 3290
3288 3291
3288 3292
3288 3293
3288 3781
3288 3784
3289 3291
3289 3292
3290 3291
3290 3293
3290 3396
3290 3399
3291 3292
3291 3293
3291 3781
3291 3784
3293 3396
3293 3399
3294 3295
3294 3296
3294 3297
3294 3298
3294 3299
3295 3297
3295 3298
3296 3297
3296 3299
3297 3298
3297 3299
3300 3301
3300 3302
3300 3303
3300 3304
3300 3305
3301 3303
3301 3304
3302 3303
3302 3305
3303 3304
3303 3305
3306 3307
3306 3308
3306 3309
3306 3310
3306 3311
3306 3667
3306 3670
3307 3309
3307 3310
3308 3309
3308 3311
3309 3310
3309 3311
3309 3667
3309 3670
3312 3313
3312 3314
3312 3315
3312 3316
3312 3317
3312 4225
3312 4228
3313 3315
3313 3316
3314 3315
3314 3317
3315 3316
3315 3317
3315 4225
3315 4228
3318 3319
3318 3320
3318 3321
3318 3322
3318 3323
3318 4028
3318 4031
3319 3321
3319 3322
3320 3321
3320 3323
3320 3390
3320 3393
3321 3322
3321 3323
3321 4028
3321 4031
3323 3390
3323 3393
3324 3325
3324 3326
3324 3327
3324 3328
3324 3329
3324 3626
3325 3327
3325 3328
3325 4152
3325 4155
3326 3327
3326 3329
3327 3328
3327 3329
3327 3626
3330 3331
3330 3332
3330 3333
3330 3334
3330 3335
3330 3758
3330 3761
3331 3333
3331 3334
3332 3333
3332 3335
3333 3334
3333 3335
3333 3758
3333 3761
3336 3337
3336 3338
3336 3339
3336 3340
3336 3341
3337 3339
3337 3340
3338 3339
3338 3341
3339 3340
3339 3341
3342 3343
3342 3344
3342 3345
3342 3346
3342 3347
3342 4172
3342 4175
3343 3345
3343 3346
3343 4344
3343 4347
3344 3345
3344 3347
3345 3346
3345 3347
3345 4172
3345 4175
3346 4344
3346 4347
3348 3349
3348 3350
3348 3351
3348 3352
3348 3353
3348 4093
3348 4096
3349 3351
3349 3352
3350 3351
3350 3353
3350 3558
3350 3561
3351 3352
3351 3353
3351 4093
3351 4096
3353 3558
3353 3561
3354 3355
3354 3356
3354 3357
3354 3358
3354 3359
3354 3685
3354 3688
3355 3357
3355 3358
3355 3726
3355 3729
3356 3357
3356 3359
3357 3358
3357 3359
3357 3685
3357 3688
3360 3361
3360 3362
3360 3363
3360 3364
3360 3365
3360 4616
3361 3363
3361 3364
3362 3363
3362 3365
3363 3364
3363 3365
3363 4616
3366 3367
3366 3368
3366 3369
3366 3370
3366 3371
3367 3369
3367 3370
3368 3369
3368 3371
3368 4104
3368 4107
3369 3370
3369 3371
3371 4104
3371 4107
3372 3373
3372 3374
3372 3375
3372 3376
3372 3377
3373 3375
3373 3376
3374 3375
3374 3377
3375 3376
3375 3377
3378 3379
3378 3380
3378 3381
3378 3382
3378 3383
3379 3381
3379 3382
3380 3381
3380 3383
3381 3382
3381 3383
3384 3385
3384 3386
3384 3387
3384 3388
3384 3389
3385 3387
3385 3388
3386 3387
3386 3389
3386 3456
3386 3459
3387 3388
3387 3389
3389 3456
3389 3459
3390 3391
3390 3392
3390 3393
3390 3394
3390 3395
3391 3393
3391 3394
3392 3393
3392 3395
3393 3394
3393 3395
3396 3397
3396 3398
3396 3399
3396 3400
3396 3401
3397 3399
3397 3400
3398 3399
3398 3401
3399 3400
3399 3401
3402 3403
3402 3404
3402 3405
3402 3406
3402 3407
3403 3405
3403 3406
3404 3405
3404 3407
3405 3406
3405 3407
3408 3409
3408 3410
3408 3411
3408 3412
3408 3413
3408 4454
3408 4457
3409 3411
3409 3412
3409 3720
3409 3723
3410 3411
3410 3413
3411 3412
3411 3413
3411 4454
3411 4457
3414 3415
3414 3416
3414 3417
3414 3418
3414 3419
3414 4064
3414 4067
3415 3417
3415 3418
3416 3417
3416 3419
3416 4161
3417 3418
3417 3419
3417 4064
3417 4067
3420 3421
3420 3422
3420 3423
3420 3424
3420 3425
3420 3740
3420 3743
3421 3423
3421 3424
3422 3423
3422 3425
3423 3424
3423 3425
3423 3740
3423 3743
3426 3427
3426 3428
3426 3429
3426 3430
3426 3431
3426 4586
3426 4589
3427 3429
3427 3430
3428 3429
3428 3431
3428 3918
3428 3921
3429 3430
3429 3431
3429 4586
3429 4589
3431 3918
3431 3921
3432 3433
3432 3434
3432 3435
3432 3436
3432 3437
3432 3517
3432 3520
3433 3435
3433 3436
3434 3435
3434 3437
3435 3436
3435 3437
3435 3517
3435 3520
3438 3439
3438 3440
3438 3441
3438 3442
3438 3443
3438 4611
3439 3441
3439 3442
3440 3441
3440 3443
3440 3942
3440 3945
3441 3442
3441 3443
3441 4611
3443 3942
3443 3945
3444 3445
3444 3446
3444 3447
3444 3448
3444 3449
3445 3447
3445 3448
3446 3447
3446 3449
3447 3448
3447 3449
3450 3451
3450 3452
3450 3453
3450 3454
3450 3455
3450 3889
3450 3892
3450 4226
3450 4229
3451 3453
3451 3454
3452 3453
3452 3455
3453 3454
3453 3455
3453 3889
3453 3892
3453 4226
3453 4229
3456 3457
3456 3458
3456 3459
3456 3460
3456 3461
3457 3459
3457 3460
3458 3459
3458 3461
3458 3522
3458 3525
3459 3460
3459 3461
3461 3522
3461 3525
3462 3463
3462 3464
3462 3465
3462 3466
3462 3467
3462 4219
3462 4222
3463 3465
3463 3466
3464 3465
3464 3467
3465 3466
3465 3467
3465 4219
3465 4222
3468 3469
3468 3470
3468 3471
3468 3472
3468 3473
3469 3471
3469 3472
3470 3471
3470 3473
3471 3472
3471 3473
3474 3475
3474 3476
3474 3477
3474 3478
3474 3479
3475 3477
3475 3478
3475 3606
3475 3609
3476 3477
3476 3479
3476 4476
3476 4479
3477 3478
3477 3479
3478 3606
3478 3609
3479 4476
3479 4479
3480 3481
3480 3482
3480 3483
3480 3484
3480 3485
3481 3483
3481 3484
3482 3483
3482 3485
3483 3484
3483 3485
3486 3487
3486 3488
3486 3489
3486 3490
3486 3491
3487 3489
3487 3490
3488 3489
3488 3491
3489 3490
3489 3491
3492 3493
3492 3494
3492 3495
3492 3496
3492 3497
3493 3495
3493 3496
3494 3495
3494 3497
3495 3496
3495 3497
3498 3499
3498 3500
3498 3501
3498 3502
3498 3503
3498 4614
3499 3501
3499 3502
3500 3501
3500 3503
3500 4050
3500 4053
3501 3502
3501 3503
3501 4614
3503 4050
3503 4053
3504 3505
3504 3506
3504 3507
3504 3508
3504 3509
3504 4592
3504 4595
3505 3507
3505 3508
3506 3507
3506 3509
3506 3804
3506 3807
3507 3508
3507 3509
3507 4592
3507 4595
3509 3804
3509 3807
3510 3511
3510 3512
3510 3513
3510 3514
3510 3515
3510 4106
3510 4109
3511 3513
3511 3514
3512 3513
3512 3515
3512 3528
3512 3531
3513 3514
3513 3515
3513 4106
3513 4109
3515 3528
3515 3531
3516 3517
3516 3518
3516 3519
3516 3520
3516 3521
3516 4141
3516 4144
3517 3519
3517 3520
3518 3519
3518 3521
3519 3520
3519 3521
3519 4141
3519 4144
3522 3523
3522 3524
3522 3525
3522 3526
3522 3527
3523 3525
3523 3526
3524 3525
3524 3527
3524 4092
3524 4095
3525 3526
3525 3527
3527 4092
3527 4095
3528 3529
3528 3530
3528 3531
3528 3532
3528 3533
3529 3531
3529 3532
3530 3531
3530 3533
3531 3532
3531 3533
3534 3535
3534 3536
3534 3537
3534 3538
3534 3539
3535 3537
3535 3538
3536 3537
3536 3539
3537 3538
3537 3539
3540 3541
3540 3542
3540 3543
3540 3544
3540 3545
3541 3543
3541 3544
3541 3714
3541 3717
3542 3543
3542 3545
3543 3544
3543 3545
3544 3714
3544 3717
3546 3547
3546 3548
3546 3549
3546 3550
3546 3551
3546 4618
3547 3549
3547 3550
3548 3549
3548 3551
3548 3702
3548 3705
3549 3550
3549 3551
3549 4618
3552 3553
3552 3554
3552 3555
3552 3556
3552 3557
3552 4465
3553 3555
3553 3556
3553 4621
3554 3555
3554 3557
3555 3556
3555 3557
3555 4465
3555 4468
3558 3559
3558 3560
3558 3561
3558 3562
3558 3563
3559 3561
3559 3562
3560 3561
3560 3563
3561 3562
3561 3563
3564 3565
3564 3566
3564 3567
3564 3568
3564 3569
3564 3679
3564 3682
3564 4196
3564 4199
3565 3567
3565 3568
3566 3567
3566 3569
3566 3900
3566 3903
3567 3568
3567 3569
3567 3679
3567 3682
3567 4196
3567 4199
3569 3900
3569 3903
3570 3571
3570 3572
3570 3573
3570 3574
3570 3575
3571 3573
3571 3574
3571 3636
3571 3639
3572 3573
3572 3575
3572 4272
3572 4275
3573 3574
3573 3575
3574 3636
3574 3639
3575 4272
3575 4275
3576 3577
3576 3578
3576 3579
3576 3580
3576 3581
3576 4046
3576 4049
3577 3579
3577 3580
3578 3579
3578 3581
3579 3580
3579 3581
3579 4046
3579 4049
3582 3583
3582 3584
3582 3585
3582 3586
3582 3587
3583 3585
3583 3586
3584 3585
3584 3587
3585 3586
3585 3587
3588 3589
3588 3590
3588 3591
3588 3592
3588 3593
3589 3591
3589 3592
3590 3591
3590 3593
3590 3876
3590 3879
3591 3592
3591 3593
3593 3876
3593 3879
3594 3595
3594 3596
3594 3597
3594 3598
3594 3599
3595 3597
3595 3598
3596 3597
3596 3599
3597 3598
3597 3599
3600 3601
3600 3602
3600 3603
3600 3604
3600 3605
3601 3603
3601 3604
3602 3603
3602 3605
3602 4494
3602 4497
3603 3604
3603 3605
3606 3607
3606 3608
3606 3609
3606 3610
3606 3611
3607 3609
3607 3610
3607 4134
3607 4137
3608 3609
3608 3611
3609 3610
3609 3611
3612 3613
3612 3614
3612 3615
3612 3616
3612 3617
3612 3877
3612 3880
3613 3615
3613 3616
3614 3615
3614 3617
3615 3616
3615 3617
3615 3877
3615 3880
3618 3619
3618 3620
3618 3621
3618 3622
3618 3623
3618 3986
3618 3989
3619 3621
3619 3622
3620 3621
3620 3623
3621 3622
3621 3623
3621 3986
3621 3989
3624 3625
3624 3626
3624 3627
3624 3628
3624 3629
3625 3627
3625 3628
3626 3627
3626 3629
3627 3628
3627 3629
3627 3674
3630 3631
3630 3632
3630 3633
3630 3634
3630 3635
3630 4009
3630 4012
3631 3633
3631 3634
3631 4062
3631 4065
3632 3633
3632 3635
3633 3634
3633 3635
3633 4009
3633 4012
3634 4062
3634 4065
3636 3637
3636 3638
3636 3639
3636 3640
3636 3641
3637 3639
3637 3640
3638 3639
3638 3641
3639 3640
3639 3641
3642 3643
3642 3644
3642 3645
3642 3646
3642 3647
3642 4617
3643 3645
3643 3646
3644 3645
3644 3647
3645 3646
3645 3647
3645 4617
3648 3649
3648 3650
3648 3651
3648 3652
3648 3653
3648 4614
3649 3651
3649 3652
3650 3651
3650 3653
3651 3652
3651 3653
3651 4614
3654 3655
3654 3656
3654 3657
3654 3658
3654 3659
3655 3657
3655 3658
3656 3657
3656 3659
3657 3658
3657 3659
3660 3661
3660 3662
3660 3663
3660 3664
3660 3665
3660 4574
3660 4577
3661 3663
3661 3664
3662 3663
3662 3665
3663 3664
3663 3665
3663 4574
3663 4577
3666 3667
3666 3668
3666 3669
3666 3670
3666 3671
3666 4618
3667 3669
3667 3670
3668 3669
3668 3671
3668 4014
3668 4017
3669 3670
3669 3671
3669 4618
3672 3673
3672 3674
3672 3675
3672 3676
3672 3677
3673 3675
3673 3676
3673 4272
3673 4275
3674 3675
3674 3677
3675 3676
3675 3677
3676 4272
3676 4275
3678 3679
3678 3680
3678 3681
3678 3682
3678 3683
3679 3681
3679 3682
3680 3681
3680 3683
3681 3682
3681 3683
3684 3685
3684 3686
3684 3687
3684 3688
3684 3689
3684 4619
3685 3687
3685 3688
3686 3687
3686 3689
3686 4068
3686 4071
3687 3688
3687 3689
3687 4619
3689 4068
3689 4071
3690 3691
3690 3692
3690 3693
3690 3694
3690 3695
3690 4268
3690 4271
3691 3693
3691 3694
3692 3693
3692 3695
3693 3694
3693 3695
3693 4268
3693 4271
3696 3697
3696 3698
3696 3699
3696 3700
3696 3701
3696 3991
3696 3994
3697 3699
3697 3700
3698 3699
3698 3701
3699 3700
3699 3701
3699 3991
3699 3994
3702 3703
3702 3704
3702 3705
3702 3706
3702 3707
3703 3705
3703 3706
3704 3705
3704 3707
3704 4362
3704 4365
3705 3706
3705 3707
3707 4362
3707 4365
3708 3709
3708 3710
3708 3711
3708 3712
3708 3713
3709 3711
3709 3712
3710 3711
3710 3713
3711 3712
3711 3713
3714 3715
3714 3716
3714 3717
3714 3718
3714 3719
3715 3717
3715 3718
3715 4230
3715 4233
3716 3717
3716 3719
3717 3718
3717 3719
3718 4230
3718 4233
3720 3721
3720 3722
3720 3723
3720 3724
3720 3725
3721 3723
3721 3724
3722 3723
3722 3725
3723 3724
3723 3725
3726 3727
3726 3728
3726 3729
3726 3730
3726 3731
3726 4387
3726 4390
3727 3729
3727 3730
3728 3729
3728 3731
3729 3730
3729 3731
3729 4387
3729 4390
3732 3733
3732 3734
3732 3735
3732 3736
3732 3737
3732 4619
3733 3735
3733 3736
3733 4386
3733 4389
3734 3735
3734 3737
3734 3780
3734 3783
3735 3736
3735 3737
3735 4619
3736 4386
3736 4389
3737 3780
3737 3783
3738 3739
3738 3740
3738 3741
3738 3742
3738 3743
3738 4608
3739 3741
3739 3742
3740 3741
3740 3743
3741 3742
3741 3743
3741 4608
3744 3745
3744 3746
3744 3747
3744 3748
3744 3749
3745 3747
3745 3748
3746 3747
3746 3749
3747 3748
3747 3749
3750 3751
3750 3752
3750 3753
3750 3754
3750 3755
3750 4088
3750 4091
3751 3753
3751 3754
3751 4542
3751 4545
3752 3753
3752 3755
3753 3754
3753 3755
3753 4088
3753 4091
3754 4542
3754 4545
3756 3757
3756 3758
3756 3759
3756 3760
3756 3761
3756 4620
3757 3759
3757 3760
3757 4188
3757 4191
3758 3759
3758 3761
3759 3760
3759 3761
3759 4620
3760 4188
3760 4191
3762 3763
3762 3764
3762 3765
3762 3766
3762 3767
3763 3765
3763 3766
3764 3765
3764 3767
3765 3766
3765 3767
3768 3769
3768 3770
3768 3771
3768 3772
3768 3773
3768 3973
3768 3976
3769 3771
3769 3772
3770 3771
3770 3773
3771 3772
3771 3773
3771 3973
3771 3976
3774 3775
3774 3776
3774 3777
3774 3778
3774 3779
3774 3974
3774 3977
3775 3777
3775 3778
3776 3777
3776 3779
3777 3778
3777 3779
3777 3974
3777 3977
3780 3781
3780 3782
3780 3783
3780 3784
3780 3785
3781 3783
3781 3784
3782 3783
3782 3785
3783 3784
3783 3785
3786 3787
3786 3788
3786 3789
3786 3790
3786 3791
3786 4484
3786 4487
3786 4580
3786 4583
3787 3789
3787 3790
3787 4452
3787 4455
3788 3789
3788 3791
3789 3790
3789 3791
3789 4484
3789 4487
3789 4580
3789 4583
3790 4452
3790 4455
3792 3793
3792 3794
3792 3795
3792 3796
3792 3797
3792 3992
3792 3995
3793 3795
3793 3796
3794 3795
3794 3797
3795 3796
3795 3797
3795 3992
3795 3995
3798 3799
3798 3800
3798 3801
3798 3802
3798 3803
3798 4405
3798 4408
3799 3801
3799 3802
3799 4314
3799 4317
3800 3801
3800 3803
3801 3802
3801 3803
3801 4405
3801 4408
3802 4314
3802 4317
3804 3805
3804 3806
3804 3807
3804 3808
3804 3809
3805 3807
3805 3808
3806 3807
3806 3809
3807 3808
3807 3809
3810 3811
3810 3812
3810 3813
3810 3814
3810 3815
3811 3813
3811 3814
3812 3813
3812 3815
3813 3814
3813 3815
3816 3817
3816 3818
3816 3819
3816 3820
3816 3821
3816 4310
3816 4313
3817 3819
3817 3820
3817 3828
3817 3831
3818 3819
3818 3821
3819 3820
3819 3821
3819 4310
3819 4313
3820 3828
3820 3831
3822 3823
3822 3824
3822 3825
3822 3826
3822 3827
3823 3825
3823 3826
3824 3825
3824 3827
3824 4257
3825 3826
3825 3827
3828 3829
3828 3830
3828 3831
3828 3832
3828 3833
3829 3831
3829 3832
3829 4332
3829 4335
3830 3831
3830 3833
3831 3832
3831 3833
3832 4332
3832 4335
3834 3835
3834 3836
3834 3837
3834 3838
3834 3839
3834 4495
3834 4498
3835 3837
3835 3838
3836 3837
3836 3839
3836 4200
3836 4203
3837 3838
3837 3839
3837 4495
3837 4498
3839 4200
3839 4203
3840 3841
3840 3842
3840 3843
3840 3844
3840 3845
3841 3843
3841 3844
3842 3843
3842 3845
3843 3844
3843 3845
3846 3847
3846 3848
3846 3849
3846 3850
3846 3851
3846 4304
3846 4307
3846 4388
3846 4391
3847 3849
3847 3850
3848 3849
3848 3851
3849 3850
3849 3851
3849 4304
3849 4307
3849 4388
3849 4391
3852 3853
3852 3854
3852 3855
3852 3856
3852 3857
3853 3855
3853 3856
3854 3855
3854 3857
3855 3856
3855 3857
3858 3859
3858 3860
3858 3861
3858 3862
3858 3863
3858 4618
3859 3861
3859 3862
3860 3861
3860 3863
3861 3862
3861 3863
3861 4618
3864 3865
3864 3866
3864 3867
3864 3868
3864 3869
3865 3867
3865 3868
3866 3867
3866 3869
3867 3868
3867 3869
3870 3871
3870 3872
3870 3873
3870 3874
3870 3875
3871 3873
3871 3874
3872 3873
3872 3875
3872 4554
3872 4557
3873 3874
3873 3875
3875 4554
3875 4557
3876 3877
3876 3878
3876 3879
3876 3880
3876 3881
3877 3879
3877 3880
3878 3879
3878 3881
3879 3880
3879 3881
3882 3883
3882 3884
3882 3885
3882 3886
3882 3887
3883 3885
3883 3886
3884 3885
3884 3887
3885 3886
3885 3887
3888 3889
3888 3890
3888 3891
3888 3892
3888 3893
3888 4232
3888 4235
3889 3891
3889 3892
3890 3891
3890 3893
3891 3892
3891 3893
3891 4232
3891 4235
3894 3895
3894 3896
3894 3897
3894 3898
3894 3899
3894 4543
3894 4546
3895 3897
3895 3898
3896 3897
3896 3899
3897 3898
3897 3899
3897 4543
3897 4546
3900 3901
3900 3902
3900 3903
3900 3904
3900 3905
3901 3903
3901 3904
3902 3903
3902 3905
3903 3904
3903 3905
3906 3907
3906 3908
3906 3909
3906 3910
3906 3911
3906 4448
3906 4451
3907 3909
3907 3910
3908 3909
3908 3911
3909 3910
3909 3911
3909 4448
3909 4451
3912 3913
3912 3914
3912 3915
3912 3916
3912 3917
3913 3915
3913 3916
3914 3915
3914 3917
3915 3916
3915 3917
3918 3919
3918 3920
3918 3921
3918 3922
3918 3923
3919 3921
3919 3922
3920 3921
3920 3923
3921 3922
3921 3923
3924 3925
3924 3926
3924 3927
3924 3928
3924 3929
3925 3927
3925 3928
3926 3927
3926 3929
3927 3928
3927 3929
3930 3931
3930 3932
3930 3933
3930 3934
3930 3935
3930 4159
3930 4162
3931 3933
3931 3934
3931 4530
3931 4533
3932 3933
3932 3935
3933 3934
3933 3935
3933 4159
3933 4162
3934 4530
3934 4533
3936 3937
3936 3938
3936 3939
3936 3940
3936 3941
3936 4274
3936 4277
3937 3939
3937 3940
3938 3939
3938 3941
3939 3940
3939 3941
3939 4274
3939 4277
3942 3943
3942 3944
3942 3945
3942 3946
3942 3947
3943 3945
3943 3946
3944 3945
3944 3947
3945 3946
3945 3947
3948 3949
3948 3950
3948 3951
3948 3952
3948 3953
3948 4616
3949 3951
3949 3952
3950 3951
3950 3953
3951 3952
3951 3953
3951 4616
3954 3955
3954 3956
3954 3957
3954 3958
3954 3959
3954 4619
3955 3957
3955 3958
3956 3957
3956 3959
3957 3958
3957 3959
3957 4619
3960 3961
3960 3962
3960 3963
3960 3964
3960 3965
3961 3963
3961 3964
3962 3963
3962 3965
3962 4536
3962 4539
3963 3964
3963 3965
3965 4536
3965 4539
3966 3967
3966 3968
3966 3969
3966 3970
3966 3971
3966 4610
3967 3969
3967 3970
3968 3969
3968 3971
3969 3970
3969 3971
3969 4610
3972 3973
3972 3974
3972 3975
3972 3976
3972 3977
3973 3975
3973 3976
3974 3975
3974 3977
3975 3976
3975 3977
3978 3979
3978 3980
3978 3981
3978 3982
3978 3983
3979 3981
3979 3982
3980 3981
3980 3983
3981 3982
3981 3983
3984 3985
3984 3986
3984 3987
3984 3988
3984 3989
3984 4609
3985 3987
3985 3988
3986 3987
3986 3989
3987 3988
3987 3989
3987 4609
3990 3991
3990 3992
3990 3993
3990 3994
3990 3995
3991 3993
3991 3994
3992 3993
3992 3995
3993 3994
3993 3995
3996 3997
3996 3998
3996 3999
3996 4000
3996 4001
3996 4608
3997 3999
3997 4000
3998 3999
3998 4001
3999 4000
3999 4001
3999 4608
4002 4003
4002 4004
4002 4005
4002 4006
4002 4007
4003 4005
4003 4006
4004 4005
4004 4007
4005 4006
4005 4007
4008 4009
4008 4010
4008 4011
4008 4012
4008 4013
4009 4011
4009 4012
4010 4011
4010 4013
4011 4012
4011 4013
4014 4015
4014 4016
4014 4017
4014 4018
4014 4019
4015 4017
4015 4018
4016 4017
4016 4019
4017 4018
4017 4019
4020 4021
4020 4022
4020 4023
4020 4024
4020 4025
4021 4023
4021 4024
4022 4023
4022 4025
4023 4024
4023 4025
4026 4027
4026 4028
4026 4029
4026 4030
4026 4031
4026 4617
4027 4029
4027 4030
4028 4029
4028 4031
4029 4030
4029 4031
4029 4617
4032 4033
4032 4034
4032 4035
4032 4036
4032 4037
4032 4435
4032 4438
4033 4035
4033 4036
4034 4035
4034 4037
4035 4036
4035 4037
4035 4435
4035 4438
4038 4039
4038 4040
4038 4041
4038 4042
4038 4043
4039 4041
4039 4042
4040 4041
4040 4043
4040 4560
4040 4563
4041 4042
4041 4043
4043 4560
4043 4563
4044 4045
4044 4046
4044 4047
4044 4048
4044 4049
4044 4513
4044 4516
4045 4047
4045 4048
4046 4047
4046 4049
4047 4048
4047 4049
4047 4513
4047 4516
4050 4051
4050 4052
4050 4053
4050 4054
4050 4055
4051 4053
4051 4054
4052 4053
4052 4055
4053 4054
4053 4055
4056 4057
4056 4058
4056 4059
4056 4060
4056 4061
4057 4059
4057 4060
4058 4059
4058 4061
4059 4060
4059 4061
4062 4063
4062 4064
4062 4065
4062 4066
4062 4067
4062 4550
4062 4553
4063 4065
4063 4066
4064 4065
4064 4067
4065 4066
4065 4067
4065 4550
4065 4553
4068 4069
4068 4070
4068 4071
4068 4072
4068 4073
4069 4071
4069 4072
4070 4071
4070 4073
4071 4072
4071 4073
4074 4075
4074 4076
4074 4077
4074 4078
4074 4079
4074 4442
4074 4445
4075 4077
4075 4078
4076 4077
4076 4079
4077 4078
4077 4079
4077 4442
4077 4445
4080 4081
4080 4082
4080 4083
4080 4084
4080 4085
4080 4612
4081 4083
4081 4084
4082 4083
4082 4085
4083 4084
4083 4085
4083 4612
4086 4087
4086 4088
4086 4089
4086 4090
4086 4091
4086 4620
4087 4089
4087 4090
4088 4089
4088 4091
4089 4090
4089 4091
4089 4620
4092 4093
4092 4094
4092 4095
4092 4096
4092 4097
4093 4095
4093 4096
4094 4095
4094 4097
4095 4096
4095 4097
4098 4099
4098 4100
4098 4101
4098 4102
4098 4103
4099 4101
4099 4102
4100 4101
4100 4103
4101 4102
4101 4103
4104 4105
4104 4106
4104 4107
4104 4108
4104 4109
4105 4107
4105 4108
4105 4218
4105 4221
4106 4107
4106 4109
4107 4108
4107 4109
4108 4218
4108 4221
4110 4111
4110 4112
4110 4113
4110 4114
4110 4115
4111 4113
4111 4114
4112 4113
4112 4115
4112 4629
4113 4114
4113 4115
4116 4117
4116 4118
4116 4119
4116 4120
4116 4121
4117 4119
4117 4120
4118 4119
4118 4121
4119 4120
4119 4121
4122 4123
4122 4124
4122 4125
4122 4126
4122 4127
4123 4125
4123 4126
4124 4125
4124 4127
4125 4126
4125 4127
4128 4129
4128 4130
4128 4131
4128 4132
4128 4133
4128 4501
4128 4504
4129 4131
4129 4132
4130 4131
4130 4133
4131 4132
4131 4133
4131 4501
4131 4504
4134 4135
4134 4136
4134 4137
4134 4138
4134 4139
4135 4137
4135 4138
4136 4137
4136 4139
4137 4138
4137 4139
4140 4141
4140 4142
4140 4143
4140 4144
4140 4145
4140 4611
4141 4143
4141 4144
4142 4143
4142 4145
4143 4144
4143 4145
4143 4611
4146 4147
4146 4148
4146 4149
4146 4150
4146 4151
4147 4149
4147 4150
4148 4149
4148 4151
4149 4150
4149 4151
4152 4153
4152 4154
4152 4155
4152 4156
4152 4157
4153 4155
4153 4156
4154 4155
4154 4157
4155 4156
4155 4157
4158 4159
4158 4160
4158 4161
4158 4162
4158 4163
4159 4161
4159 4162
4160 4161
4160 4163
4161 4162
4161 4163
4164 4165
4164 4166
4164 4167
4164 4168
4164 4169
4164 4615
4165 4167
4165 4168
4165 4578
4165 4581
4166 4167
4166 4169
4167 4168
4167 4169
4167 4615
4170 4171
4170 4172
4170 4173
4170 4174
4170 4175
4170 4195
4170 4198
4171 4173
4171 4174
4172 4173
4172 4175
4173 4174
4173 4175
4173 4195
4173 4198
4176 4177
4176 4178
4176 4179
4176 4180
4176 4181
4176 4183
4176 4186
4177 4179
4177 4180
4177 4416
4177 4419
4178 4179
4178 4181
4179 4180
4179 4181
4179 4183
4179 4186
4180 4416
4180 4419
4182 4183
4182 4184
4182 4185
4182 4186
4182 4187
4182 4573
4182 4576
4183 4185
4183 4186
4184 4185
4184 4187
4185 4186
4185 4187
4185 4573
4185 4576
4188 4189
4188 4190
4188 4191
4188 4192
4188 4193
4189 4191
4189 4192
4190 4191
4190 4193
4191 4192
4191 4193
4194 4195
4194 4196
4194 4197
4194 4198
4194 4199
4195 4197
4195 4198
4196 4197
4196 4199
4197 4198
4197 4199
4200 4201
4200 4202
4200 4203
4200 4204
4200 4205
4201 4203
4201 4204
4202 4203
4202 4205
4203 4204
4203 4205
4206 4207
4206 4208
4206 4209
4206 4210
4206 4211
4207 4209
4207 4210
4208 4209
4208 4211
4209 4210
4209 4211
4212 4213
4212 4214
4212 4215
4212 4216
4212 4217
4212 4620
4213 4215
4213 4216
4213 4290
4213 4293
4214 4215
4214 4217
4215 4216
4215 4217
4215 4620
4216 4290
4216 4293
4218 4219
4218 4220
4218 4221
4218 4222
4218 4223
4219 4221
4219 4222
4220 4221
4220 4223
4221 4222
4221 4223
4224 4225
4224 4226
4224 4227
4224 4228
4224 4229
4224 4613
4225 4227
4225 4228
4226 4227
4226 4229
4227 4228
4227 4229
4227 4613
4230 4231
4230 4232
4230 4233
4230 4234
4230 4235
4231 4233
4231 4234
4232 4233
4232 4235
4233 4234
4233 4235
4236 4237
4236 4238
4236 4239
4236 4240
4236 4241
4237 4239
4237 4240
4238 4239
4238 4241
4239 4240
4239 4241
4242 4243
4242 4244
4242 4245
4242 4246
4242 4247
4242 4608
4243 4245
4243 4246
4244 4245
4244 4247
4245 4246
4245 4247
4245 4608
4248 4249
4248 4250
4248 4251
4248 4252
4248 4253
4249 4251
4249 4252
4250 4251
4250 4253
4251 4252
4251 4253
4254 4255
4254 4256
4254 4257
4254 4258
4254 4259
4255 4257
4255 4258
4256 4257
4256 4259
4257 4258
4257 4259
4260 4261
4260 4262
4260 4263
4260 4264
4260 4265
4261 4263
4261 4264
4261 4578
4261 4581
4262 4263
4262 4265
4263 4264
4263 4265
4266 4267
4266 4268
4266 4269
4266 4270
4266 4271
4267 4269
4267 4270
4268 4269
4268 4271
4269 4270
4269 4271
4272 4273
4272 4274
4272 4275
4272 4276
4272 4277
4273 4275
4273 4276
4274 4275
4274 4277
4275 4276
4275 4277
4278 4279
4278 4280
4278 4281
4278 4282
4278 4283
4278 4447
4278 4450
4279 4281
4279 4282
4280 4281
4280 4283
4280 4470
4280 4473
4281 4282
4281 4283
4281 4447
4281 4450
4283 4470
4283 4473
4284 4285
4284 4286
4284 4287
4284 4288
4284 4289
4284 4610
4285 4287
4285 4288
4286 4287
4286 4289
4287 4288
4287 4289
4287 4610
4290 4291
4290 4292
4290 4293
4290 4294
4290 4295
4291 4293
4291 4294
4291 4584
4291 4587
4292 4293
4292 4295
4293 4294
4293 4295
4294 4584
4294 4587
4296 4297
4296 4298
4296 4299
4296 4300
4296 4301
4297 4299
4297 4300
4298 4299
4298 4301
4299 4300
4299 4301
4302 4303
4302 4304
4302 4305
4302 4306
4302 4307
4302 4562
4302 4565
4303 4305
4303 4306
4304 4305
4304 4307
4305 4306
4305 4307
4305 4562
4305 4565
4308 4309
4308 4310
4308 4311
4308 4312
4308 4313
4308 4611
4309 4311
4309 4312
4310 4311
4310 4313
4311 4312
4311 4313
4311 4611
4314 4315
4314 4316
4314 4317
4314 4318
4314 4319
4315 4317
4315 4318
4316 4317
4316 4319
4317 4318
4317 4319
4320 4321
4320 4322
4320 4323
4320 4324
4320 4325
4320 4328
4320 4331
4321 4323
4321 4324
4322 4323
4322 4325
4323 4324
4323 4325
4323 4328
4323 4331
4326 4327
4326 4328
4326 4329
4326 4330
4326 4331
4327 4329
4327 4330
4328 4329
4328 4331
4329 4330
4329 4331
4332 4333
4332 4334
4332 4335
4332 4336
4332 4337
4333 4335
4333 4336
4334 4335
4334 4337
4335 4336
4335 4337
4338 4339
4338 4340
4338 4341
4338 4342
4338 4343
4338 4406
4338 4409
4339 4341
4339 4342
4340 4341
4340 4343
4341 4342
4341 4343
4341 4406
4341 4409
4344 4345
4344 4346
4344 4347
4344 4348
4344 4349
4345 4347
4345 4348
4346 4347
4346 4349
4347 4348
4347 4349
4350 4351
4350 4352
4350 4353
4350 4354
4350 4355
4351 4353
4351 4354
4352 4353
4352 4355
4353 4354
4353 4355
4356 4357
4356 4358
4356 4359
4356 4360
4356 4361
4357 4359
4357 4360
4358 4359
4358 4361
4359 4360
4359 4361
4362 4363
4362 4364
4362 4365
4362 4366
4362 4367
4363 4365
4363 4366
4364 4365
4364 4367
4365 4366
4365 4367
4368 4369
4368 4370
4368 4371
4368 4372
4368 4373
4369 4371
4369 4372
4370 4371
4370 4373
4371 4372
4371 4373
4374 4375
4374 4376
4374 4377
4374 4378
4374 4379
4374 4620
4375 4377
4375 4378
4376 4377
4376 4379
4377 4378
4377 4379
4377 4620
4380 4381
4380 4382
4380 4383
4380 4384
4380 4385
4380 4612
4381 4383
4381 4384
4382 4383
4382 4385
4383 4384
4383 4385
4383 4612
4386 4387
4386 4388
4386 4389
4386 4390
4386 4391
4387 4389
4387 4390
4388 4389
4388 4391
4389 4390
4389 4391
4392 4393
4392 4394
4392 4395
4392 4396
4392 4397
4393 4395
4393 4396
4394 4395
4394 4397
4395 4396
4395 4397
4398 4399
4398 4400
4398 4401
4398 4402
4398 4403
4399 4401
4399 4402
4400 4401
4400 4403
4401 4402
4401 4403
4404 4405
4404 4406
4404 4407
4404 4408
4404 4409
4405 4407
4405 4408
4406 4407
4406 4409
4407 4408
4407 4409
4410 4411
4410 4412
4410 4413
4410 4414
4410 4415
4411 4413
4411 4414
4412 4413
4412 4415
4413 4414
4413 4415
4416 4417
4416 4418
4416 4419
4416 4420
4416 4421
4417 4419
4417 4420
4418 4419
4418 4421
4419 4420
4419 4421
4422 4423
4422 4424
4422 4425
4422 4426
4422 4427
4423 4425
4423 4426
4424 4425
4424 4427
4425 4426
4425 4427
4428 4429
4428 4430
4428 4431
4428 4432
4428 4433
4429 4431
4429 4432
4430 4431
4430 4433
4431 4432
4431 4433
4434 4435
4434 4436
4434 4437
4434 4438
4434 4439
4435 4437
4435 4438
4436 4437
4436 4439
4437 4438
4437 4439
4440 4441
4440 4442
4440 4443
4440 4444
4440 4445
4441 4443
4441 4444
4442 4443
4442 4445
4443 4444
4443 4445
4446 4447
4446 4448
4446 4449
4446 4450
4446 4451
4447 4449
4447 4450
4448 4449
4448 4451
4449 4450
4449 4451
4452 4453
4452 4454
4452 4455
4452 4456
4452 4457
4453 4455
4453 4456
4454 4455
4454 4457
4455 4456
4455 4457
4458 4459
4458 4460
4458 4461
4458 4462
4458 4463
4458 4618
4459 4461
4459 4462
4460 4461
4460 4463
4461 4462
4461 4463
4461 4618
4464 4465
4464 4466
4464 4467
4464 4468
4464 4469
4465 4467
4465 4468
4466 4467
4466 4469
4467 4468
4467 4469
4470 4471
4470 4472
4470 4473
4470 4474
4470 4475
4471 4473
4471 4474
4472 4473
4472 4475
4473 4474
4473 4475
4476 4477
4476 4478
4476 4479
4476 4480
4476 4481
4477 4479
4477 4480
4478 4479
4478 4481
4479 4480
4479 4481
4482 4483
4482 4484
4482 4485
4482 4486
4482 4487
4482 4615
4483 4485
4483 4486
4484 4485
4484 4487
4485 4486
4485 4487
4485 4615
4488 4489
4488 4490
4488 4491
4488 4492
4488 4493
4488 4556
4488 4559
4489 4491
4489 4492
4490 4491
4490 4493
4491 4492
4491 4493
4491 4556
4491 4559
4494 4495
4494 4496
4494 4497
4494 4498
4494 4499
4495 4497
4495 4498
4496 4497
4496 4499
4497 4498
4497 4499
4500 4501
4500 4502
4500 4503
4500 4504
4500 4505
4501 4503
4501 4504
4502 4503
4502 4505
4503 4504
4503 4505
4506 4507
4506 4508
4506 4509
4506 4510
4506 4511
4507 4509
4507 4510
4508 4509
4508 4511
4509 4510
4509 4511
4512 4513
4512 4514
4512 4515
4512 4516
4512 4517
4513 4515
4513 4516
4514 4515
4514 4517
4515 4516
4515 4517
4518 4519
4518 4520
4518 4521
4518 4522
4518 4523
4519 4521
4519 4522
4520 4521
4520 4523
4520 4572
4520 4575
4521 4522
4521 4523
4523 4572
4523 4575
4524 4525
4524 4526
4524 4527
4524 4528
4524 4529
4525 4527
4525 4528
4526 4527
4526 4529
4527 4528
4527 4529
4530 4531
4530 4532
4530 4533
4530 4534
4530 4535
4531 4533
4531 4534
4532 4533
4532 4535
4533 4534
4533 4535
4536 4537
4536 4538
4536 4539
4536 4540
4536 4541
4537 4539
4537 4540
4538 4539
4538 4541
4539 4540
4539 4541
4542 4543
4542 4544
4542 4545
4542 4546
4542 4547
4543 4545
4543 4546
4544 4545
4544 4547
4545 4546
4545 4547
4548 4549
4548 4550
4548 4551
4548 4552
4548 4553
4549 4551
4549 4552
4550 4551
4550 4553
4551 4552
4551 4553
4554 4555
4554 4556
4554 4557
4554 4558
4554 4559
4555 4557
4555 4558
4556 4557
4556 4559
4557 4558
4557 4559
4560 4561
4560 4562
4560 4563
4560 4564
4560 4565
4561 4563
4561 4564
4562 4563
4562 4565
4563 4564
4563 4565
4566 4567
4566 4568
4566 4569
4566 4570
4566 4571
4567 4569
4567 4570
4568 4569
4568 4571
4569 4570
4569 4571
4572 4573
4572 4574
4572 4575
4572 4576
4572 4577
4573 4575
4573 4576
4574 4575
4574 4577
4575 4576
4575 4577
4578 4579
4578 4580
4578 4581
4578 4582
4578 4583
4579 4581
4579 4582
4580 4581
4580 4583
4581 4582
4581 4583
4584 4585
4584 4586
4584 4587
4584 4588
4584 4589
4585 4587
4585 4588
4586 4587
4586 4589
4587 4588
4587 4589
4590 4591
4590 4592
4590 4593
4590 4594
4590 4595
4591 4593
4591 4594
4592 4593
4592 4595
4593 4594
4593 4595
4596 4597
4596 4598
4596 4599
4596 4600
4596 4601
4597 4599
4597 4600
4598 4599
4598 4601
4599 4600
4599 4601
4602 4603
4602 4604
4602 4605
4602 4606
4602 4607
4603 4605
4603 4606
4604 4605
4604 4607
4605 4606
4605 4607